3638,4969,1
4969,3638,2
2304,2303,8
2303,2304,10
2304,2302,50
2302,2304,33
2304,2301,100
2301,2304,2
2304,2300,100
2303,2302,50
2302,2303,100
2303,2301,100
2301,2303,100
2303,2300,100
2300,2303,100
2302,2301,100
2301,2302,100
2302,2300,100
2300,2302,100
2301,2300,100
2300,2301,100
2316,2,1
3642,9,3
4993,3662,2
2327,2325,100
2327,2324,100
2324,2327,1
2327,2323,100
2323,2327,1
2327,2322,100
2322,2327,2
2326,2325,100
2325,2326,100
2326,2324,100
2324,2326,100
2326,2323,100
2323,2326,100
2326,2322,100
2322,2326,100
2325,2324,100
2324,2325,100
2325,2323,100
2323,2325,100
2325,2322,100
2322,2325,100
2324,2323,100
2323,2324,100
2324,2322,100
2322,2324,100
2323,2322,100
2322,2323,100
3671,3672,16
3672,3671,2
3671,3673,100
3672,3673,100
3673,3672,100
2341,2340,3
2340,2341,16
2340,2339,100
2339,2340,50
2339,2338,100
2338,2339,1
2338,2337,100
2337,2336,100
2336,2337,11
2336,2335,100
2332,1001,1
3682,3683,3
3683,3682,1
1021,2353,1
1019,1018,1
1018,1019,1
2345,1013,1
3675,3676,1
3675,3677,100
3677,3675,1
3675,3678,100
3678,3675,1
3676,3677,100
3677,3676,100
3676,3678,100
3678,3676,100
3677,3678,100
3678,3677,100
3694,3693,16
3693,3695,100
3695,3693,6
3694,3695,100
3695,3694,100
1029,1028,4
1028,1029,1
2356,1024,1
3688,3689,16
3689,3688,21
2374,1043,2
1039,2370,1
3696,3697,1
3697,3696,14
3696,3698,50
3698,3696,5
3696,3699,100
3699,3696,16
3697,3698,50
3698,3697,100
3697,3699,100
3699,3697,100
3698,3699,100
3699,3698,100
2379,1048,1
2394,1062,1
1059,1058,1
1058,1059,1
1074,1073,13
1073,1074,6
1074,1072,28
1074,1071,50
1073,1072,28
1072,1073,100
1073,1071,50
1071,1073,100
1072,1071,50
1071,1072,100
1069,1068,1
1068,1069,1
1068,1067,100
1088,1087,33
1087,1088,6
1088,1086,100
1086,1088,1
1088,1085,100
1088,1084,100
1084,1088,1
1088,1083,100
1088,1082,100
1088,1081,100
1087,1086,100
1086,1087,100
1087,1085,100
1085,1087,100
1087,1084,100
1084,1087,100
1087,1083,100
1083,1087,100
1087,1082,100
1082,1087,100
1087,1081,100
1081,1087,100
1086,1085,100
1085,1086,100
1086,1084,100
1084,1086,100
1086,1083,100
1083,1086,100
1086,1082,100
1082,1086,100
1086,1081,100
1081,1086,100
1085,1084,100
1084,1085,100
1085,1083,100
1083,1085,100
1085,1082,100
1082,1085,100
1085,1081,100
1081,1085,100
1084,1083,100
1083,1084,100
1084,1082,100
1082,1084,100
1084,1081,100
1081,1084,100
1083,1082,100
1082,1083,100
1083,1081,100
1081,1083,100
1082,1081,100
1081,1082,100
1081,1079,100
1079,1081,1
1081,1078,100
1078,1081,2
1079,1078,100
1078,1079,100
1099,1098,5
1098,1099,3
1099,1097,100
1097,1099,50
1098,1097,100
1097,1098,100
1093,1092,1
1092,1093,9
11074,11073,1
11073,11074,4
3705,3706,12
3706,3705,2
3705,3707,100
3707,3705,4
3705,3708,100
3708,3705,1
3706,3707,100
3707,3706,100
3706,3708,100
3708,3706,100
3707,3708,100
3708,3707,100
3716,3717,2
3717,3716,2
3716,3718,100
3718,3716,25
3716,3719,100
3717,3718,100
3718,3717,100
3717,3719,100
3719,3717,100
3718,3719,100
3719,3718,100
3727,3728,50
3728,3727,2
3727,3729,100
3729,3727,3
3728,3729,100
3729,3728,100
3723,3724,50
3723,3725,100
3725,3723,25
3724,3725,100
3725,3724,100
2401,2400,5
2400,2401,14
3743,3744,8
3744,3743,4
3760,3761,1
3751,3752,3
3752,3751,2
3770,3771,4
3771,3770,1
2440,2438,50
2438,2440,1
1105,2436,1
2436,1105,1
2434,1103,2
3763,3764,4
3764,3763,5
3763,3765,100
3765,3763,4
3763,3766,100
3766,3763,7
3764,3765,100
3765,3764,100
3764,3766,100
3766,3764,100
3764,3767,100
3767,3764,7
3765,3766,100
3766,3765,100
3765,3767,100
3767,3765,100
3766,3767,100
3767,3766,100
3766,3768,100
3768,3766,2
3767,3768,100
3768,3767,100
3773,3774,1
3773,3775,100
3775,3773,2
3773,3776,100
3773,3777,100
3777,3773,7
3773,3778,100
3778,3773,1
3773,3779,100
3779,3773,5
3774,3775,100
3775,3774,100
3774,3776,100
3776,3774,100
3774,3777,100
3777,3774,100
3774,3778,100
3778,3774,100
3774,3779,100
3779,3774,100
3775,3776,100
3776,3775,100
3775,3777,100
3777,3775,100
3775,3778,100
3778,3775,100
3775,3779,100
3779,3775,100
3776,3777,100
3777,3776,100
3776,3778,100
3778,3776,100
3776,3779,100
3779,3776,100
3777,3778,100
3778,3777,100
3777,3779,100
3779,3777,100
3778,3779,100
3779,3778,100
1131,2463,2
2461,2460,80
2460,2461,28
3785,3786,2
3786,3785,14
3785,3787,100
3787,3785,8
3785,3788,100
3788,3785,1
3785,3789,100
3789,3785,2
3786,3787,100
3787,3786,100
3786,3788,100
3788,3786,100
3786,3789,100
3789,3786,100
3787,3788,100
3788,3787,100
3787,3789,100
3789,3787,100
3788,3789,100
3789,3788,100
2470,2471,1
2477,1146,3
2489,1158,1
1176,1175,4
1175,1176,10
1176,1174,100
1174,1176,5
1175,1174,100
1174,1175,100
1170,1169,33
1169,1170,33
1170,1168,100
1168,1170,1
1169,1168,100
1168,1169,100
1179,1178,1
1179,1177,100
1177,1179,3
1178,1177,100
1177,1178,100
1195,1196,1
11218,11217,20
11217,11218,100
11184,11183,100
11183,11184,14
11183,11185,100
11185,11183,50
11191,11,1
21,22,20
22,23,100
23,24,100
24,23,1
24,25,100
25,24,1
24,26,100
25,26,100
26,25,100
26,27,100
31,32,20
32,31,1
11173,37,1
37,38,100
11173,38,100
38,11173,100
11173,39,100
38,39,100
39,38,100
42,41,29
41,43,3
41,44,100
41,45,100
41,46,100
46,41,1
42,43,3
43,42,100
42,44,100
44,42,100
42,45,100
45,42,100
42,46,100
46,42,100
43,44,100
44,43,100
43,45,100
45,43,100
43,46,100
46,43,100
44,45,100
45,44,100
44,46,100
46,44,100
45,46,100
46,45,100
56,55,1
56,57,14
57,56,8
56,58,100
57,58,100
58,57,100
11157,60,7
66,65,7
65,67,4
65,68,100
66,67,4
67,66,100
66,68,100
68,66,100
67,68,100
68,67,100
77,78,1
77,79,33
78,79,33
79,78,100
90,89,4
89,91,100
89,92,100
92,89,1
89,93,100
93,89,1
89,94,100
89,95,100
89,96,100
89,97,100
97,89,1
89,98,100
89,99,100
99,89,1
90,91,100
91,90,100
90,92,100
92,90,100
90,93,100
93,90,100
90,94,100
94,90,100
90,95,100
95,90,100
90,96,100
96,90,100
90,97,100
97,90,100
90,98,100
98,90,100
90,99,100
99,90,100
91,92,100
92,91,100
91,93,100
93,91,100
91,94,100
94,91,100
91,95,100
95,91,100
91,96,100
96,91,100
91,97,100
97,91,100
91,98,100
98,91,100
91,99,100
99,91,100
92,93,100
93,92,100
92,94,100
94,92,100
92,95,100
95,92,100
92,96,100
96,92,100
92,97,100
97,92,100
92,98,100
98,92,100
92,99,100
99,92,100
93,94,100
94,93,100
93,95,100
95,93,100
93,96,100
96,93,100
93,97,100
97,93,100
93,98,100
98,93,100
93,99,100
99,93,100
94,95,100
95,94,100
94,96,100
96,94,100
94,97,100
97,94,100
94,98,100
98,94,100
94,99,100
99,94,100
95,96,100
96,95,100
95,97,100
97,95,100
95,98,100
98,95,100
95,99,100
99,95,100
96,97,100
97,96,100
96,98,100
98,96,100
96,99,100
99,96,100
97,98,100
98,97,100
97,99,100
99,97,100
98,99,100
99,98,100
3815,3816,11
3816,3815,3
3815,3817,100
3817,3815,5
3815,3818,100
3818,3815,11
3815,3819,100
3819,3815,3
3816,3817,100
3817,3816,100
3816,3818,100
3818,3816,100
3816,3819,100
3819,3816,100
3817,3818,100
3818,3817,100
3817,3819,100
3819,3817,100
3818,3819,100
3819,3818,100
3826,3827,2
3820,3821,33
3821,3820,9
3820,3822,100
3822,3820,20
3820,3823,100
3823,3820,100
3821,3822,100
3822,3821,100
3821,3823,100
3823,3821,100
3822,3823,100
3823,3822,100
3848,2513,1
2511,2510,1
2510,2511,1
3845,2516,2
2516,3845,3
2524,2523,2
2523,2524,2
2524,2522,11
2522,2524,14
2524,2521,100
2523,2522,11
2522,2523,100
2523,2521,100
2521,2523,100
2522,2521,100
2521,2522,100
3853,3854,2
3854,3853,1
3866,1209,1
3882,1220,2
1220,3882,3
3873,3874,1
3874,3873,16
3873,3875,100
3875,3873,1
3874,3875,100
3875,3874,100
3878,1218,1
1218,3878,1
3891,3892,4
3892,3891,5
3891,3893,50
3893,3891,14
3892,3893,50
3893,3892,100
1222,2554,2
3886,3887,1
3887,3886,16
3897,3896,1
3896,3898,100
3898,3896,2
3896,3899,100
3899,3896,20
3897,3898,100
3898,3897,100
3897,3899,100
3899,3897,100
3898,3899,100
3899,3898,100
2583,1251,1
1251,2583,1
2577,1246,1
2588,1257,2
1274,1275,1
1271,1270,10
1270,1271,33
1271,1269,100
1271,1268,100
1268,1271,1
1270,1269,100
1269,1270,100
1270,1268,100
1268,1270,100
1269,1268,100
1268,1269,100
1286,2596,1
1283,1282,1
1283,1281,100
1283,1280,100
1283,1279,100
1279,1283,4
1283,1278,100
1278,1283,4
1283,1277,100
1282,1281,100
1281,1282,100
1282,1280,100
1280,1282,100
1282,1279,100
1279,1282,100
1282,1278,100
1278,1282,100
1282,1277,100
1277,1282,100
1281,1280,100
1280,1281,100
1281,1279,100
1279,1281,100
1281,1278,100
1278,1281,100
1281,1277,100
1277,1281,100
1280,1279,100
1279,1280,100
1280,1278,100
1278,1280,100
1280,1277,100
1277,1280,100
1279,1278,100
1278,1279,100
1279,1277,100
1277,1279,100
1278,1277,100
1277,1278,100
1290,1291,1
1291,1289,50
1289,1291,33
1291,1288,100
1288,1291,1
1291,1287,100
1287,1291,4
1290,1289,50
1289,1290,100
1290,1288,100
1288,1290,100
1290,1287,100
1287,1290,100
1289,1288,100
1288,1289,100
1289,1287,100
1287,1289,100
1288,1287,100
1287,1288,100
11298,11297,20
11297,11298,8
11298,11299,100
11299,11298,100
11297,11299,100
11299,11297,100
11274,11273,33
11273,11274,20
3906,3907,18
3907,3906,3
3906,3908,66
3908,3906,12
3906,3909,50
3909,3906,14
3907,3908,66
3908,3907,100
3907,3909,50
3909,3907,100
3908,3909,50
3909,3908,100
3916,3917,6
3917,3916,2
3916,3918,100
3918,3916,3
3917,3918,100
3918,3917,100
3925,3926,2
3926,3925,1
3925,3927,50
3927,3925,10
3926,3927,50
3927,3926,100
3921,3922,4
3922,3921,3
3921,3923,100
3922,3923,100
3923,3922,100
2620,2621,1
3972,3973,2
3972,3974,100
3974,3972,5
3972,3975,100
3975,3972,2
3973,3974,100
3974,3973,100
3973,3975,100
3975,3973,100
3974,3975,100
3975,3974,100
2658,1327,4
3982,3983,4
3983,3982,1
2670,2671,2
2670,2669,100
2664,1332,9
1332,2664,3
3994,3995,36
3995,3994,23
2675,1344,7
2692,1361,2
1374,1373,33
1373,1374,1
1374,1372,100
1374,1371,100
1374,1370,100
1370,1374,3
1373,1372,100
1372,1373,100
1373,1371,100
1371,1373,100
1373,1370,100
1370,1373,100
1372,1371,100
1371,1372,100
1372,1370,100
1370,1372,100
1372,1369,100
1371,1370,100
1370,1371,100
1371,1369,100
1369,1371,100
1371,1368,100
1370,1369,100
1369,1370,100
1370,1368,100
1368,1370,100
1369,1368,100
1368,1369,100
1369,1367,100
1367,1369,33
1368,1367,100
1367,1368,100
1367,1366,100
1366,1367,100
1385,1384,67
1384,1385,67
1385,1383,1
1383,1385,10
1385,1382,100
1382,1385,1
1385,1381,100
1381,1385,2
1385,1380,100
1385,1379,100
1385,1378,100
1385,1377,100
1377,1385,14
1385,1376,100
1385,1375,100
1375,1385,2
1384,1383,1
1383,1384,100
1384,1382,100
1382,1384,100
1384,1381,100
1381,1384,100
1384,1380,100
1380,1384,100
1384,1379,100
1379,1384,100
1384,1378,100
1378,1384,100
1384,1377,100
1377,1384,100
1384,1376,100
1376,1384,100
1384,1375,100
1375,1384,100
1383,1382,100
1382,1383,100
1383,1381,100
1381,1383,100
1383,1380,100
1380,1383,100
1383,1379,100
1379,1383,100
1383,1378,100
1378,1383,100
1383,1377,100
1377,1383,100
1383,1376,100
1376,1383,100
1383,1375,100
1375,1383,100
1382,1381,100
1381,1382,100
1382,1380,100
1380,1382,100
1382,1379,100
1379,1382,100
1382,1378,100
1378,1382,100
1382,1377,100
1377,1382,100
1382,1376,100
1376,1382,100
1382,1375,100
1375,1382,100
1381,1380,100
1380,1381,100
1381,1379,100
1379,1381,100
1381,1378,100
1378,1381,100
1381,1377,100
1377,1381,100
1381,1376,100
1376,1381,100
1381,1375,100
1375,1381,100
1380,1379,100
1379,1380,100
1380,1378,100
1378,1380,100
1380,1377,100
1377,1380,100
1380,1376,100
1376,1380,100
1380,1375,100
1375,1380,100
1379,1378,100
1378,1379,100
1379,1377,100
1377,1379,100
1379,1376,100
1376,1379,100
1379,1375,100
1375,1379,100
1378,1377,100
1377,1378,100
1378,1376,100
1376,1378,100
1378,1375,100
1375,1378,100
1377,1376,100
1376,1377,100
1377,1375,100
1375,1377,100
1376,1375,100
1375,1376,100
1375,1386,100
1386,1375,33
10149,10148,50
10148,10149,16
10082,10081,3
10081,10082,50
2709,2708,1
2708,2709,1
2709,2707,50
2707,2709,2
2708,2707,50
2707,2708,100
2718,2717,14
2717,2718,2
2718,2716,100
2716,2718,1
2717,2716,100
2716,2717,100
2729,2728,1
2729,2727,100
2727,2729,7
2728,2727,100
2727,2728,100
2731,2730,4
2730,2731,2
1414,2746,2
2740,2741,1
2767,1435,1
1443,2775,4
12832,12833,100
12833,12832,14
1472,1473,3
1473,1471,100
1471,1473,4
1472,1471,100
1471,1472,100
1483,1482,4
1482,1483,1
1494,1493,2
1493,1494,7
1494,1492,50
1492,1494,11
1493,1492,50
1492,1493,100
1496,1497,3
11571,11570,11
11570,11571,100
12850,12851,100
12851,12850,16
10196,10195,50
10195,10196,1
10174,10173,10
10173,10174,4
11481,11480,8
11480,11481,12
2803,2802,11
2811,2812,1
2812,2810,100
2811,2810,100
2810,2811,100
2828,2827,25
2827,2828,1
2828,2826,100
2826,2828,7
2828,2825,100
2825,2828,33
2828,2824,100
2824,2828,20
2827,2826,100
2826,2827,100
2827,2825,100
2825,2827,100
2827,2824,100
2824,2827,100
2826,2825,100
2825,2826,100
2826,2824,100
2824,2826,100
2825,2824,100
2824,2825,100
1519,1518,18
1518,1519,18
1524,2856,3
2850,2851,3
1548,2879,2
2888,1556,2
1556,2888,2
1572,1571,3
1571,1572,20
1572,1570,100
1572,1569,100
1571,1570,100
1570,1571,100
1571,1569,100
1569,1571,100
1570,1569,100
1569,1570,100
2895,1564,1
1581,1580,3
1580,1581,4
11601,11600,4
11681,11680,4
11680,11681,33
10369,10368,33
10368,10369,100
2903,2902,7
2903,2901,100
2901,2903,2
2902,2901,100
2901,2902,100
2914,2913,1
2913,2914,6
2921,2920,8
2920,2921,2
2941,2940,10
2940,2941,1
2950,2951,50
1626,2958,3
2961,2960,4
2960,2961,2
1651,2983,2
2981,1659,5
1671,1670,16
1666,2997,1
1681,1680,33
1680,1681,50
1676,1677,1
1677,1675,100
1677,1674,100
1674,1677,7
1677,1673,100
1673,1677,1
1677,1672,100
1672,1677,2
1676,1675,100
1675,1676,100
1676,1674,100
1674,1676,100
1676,1673,100
1673,1676,100
1676,1672,100
1672,1676,100
1675,1674,100
1674,1675,100
1675,1673,100
1673,1675,100
1675,1672,100
1672,1675,100
1674,1673,100
1673,1674,100
1674,1672,100
1672,1674,100
1673,1672,100
1672,1673,100
1685,1684,7
1684,1685,25
1685,1683,25
1683,1685,1
1684,1683,25
1683,1684,100
10419,1696,1
1696,10419,1
1695,1694,4
1694,1695,4
10476,10479,1
10479,10476,6
10482,10481,25
10486,10485,2
10485,10486,11
10459,10458,2
10458,10459,2
10462,10469,3
1708,1707,1
1707,1708,2
1703,1704,2
1704,1702,100
1703,1702,100
1702,1703,100
1712,1711,10
1711,1712,4
1712,1710,100
1710,1712,1
1711,1710,100
1710,1711,100
1716,1715,4
1715,1714,100
1715,1713,100
1713,1715,1
1714,1713,100
1713,1714,100
1728,1727,1
1731,1730,2
1730,1731,25
1737,1736,2
1737,1735,100
1735,1737,7
1736,1735,100
1735,1736,100
1742,1741,1
1742,1740,100
1740,1742,1
1741,1740,100
1740,1741,100
1754,1755,20
1755,1753,100
1753,1755,33
1755,1752,100
1755,1751,100
1751,1755,16
1754,1753,100
1753,1754,100
1754,1752,100
1752,1754,100
1754,1751,100
1751,1754,100
1754,1759,100
1759,1754,2
1754,1758,100
1758,1754,1
1754,1757,100
1757,1754,2
1753,1752,100
1752,1753,100
1753,1751,100
1751,1753,100
1753,1759,100
1759,1753,100
1753,1758,100
1758,1753,100
1753,1757,100
1757,1753,100
1753,1767,100
1767,1753,2
1753,1766,100
1766,1753,2
1753,1765,100
1753,1764,100
1764,1753,1
1753,1763,100
1753,1762,100
1762,1753,1
1753,1761,100
1761,1753,1
1753,1760,100
1760,1753,14
1753,1769,100
1769,1753,1
1753,1768,100
1752,1751,100
1751,1752,100
1752,1759,100
1759,1752,100
1752,1758,100
1758,1752,100
1752,1757,100
1757,1752,100
1752,1767,100
1767,1752,100
1752,1766,100
1766,1752,100
1752,1765,100
1765,1752,100
1752,1764,100
1764,1752,100
1752,1763,100
1763,1752,100
1752,1762,100
1762,1752,100
1752,1761,100
1761,1752,100
1752,1760,100
1760,1752,100
1752,1769,100
1769,1752,100
1752,1768,100
1768,1752,100
1751,1759,100
1759,1751,100
1751,1758,100
1758,1751,100
1751,1757,100
1757,1751,100
1751,1767,100
1767,1751,100
1751,1766,100
1766,1751,100
1751,1765,100
1765,1751,100
1751,1764,100
1764,1751,100
1751,1763,100
1763,1751,100
1751,1762,100
1762,1751,100
1751,1761,100
1761,1751,100
1751,1760,100
1760,1751,100
1751,1769,100
1769,1751,100
1751,1768,100
1768,1751,100
1759,1758,100
1758,1759,100
1759,1757,100
1757,1759,100
1759,1767,100
1767,1759,100
1759,1766,100
1766,1759,100
1759,1765,100
1765,1759,100
1759,1764,100
1764,1759,100
1759,1763,100
1763,1759,100
1759,1762,100
1762,1759,100
1759,1761,100
1761,1759,100
1759,1760,100
1760,1759,100
1759,1769,100
1769,1759,100
1759,1768,100
1768,1759,100
1758,1757,100
1757,1758,100
1758,1767,100
1767,1758,100
1758,1766,100
1766,1758,100
1758,1765,100
1765,1758,100
1758,1764,100
1764,1758,100
1758,1763,100
1763,1758,100
1758,1762,100
1762,1758,100
1758,1761,100
1761,1758,100
1758,1760,100
1760,1758,100
1758,1769,100
1769,1758,100
1758,1768,100
1768,1758,100
1757,1767,100
1767,1757,100
1757,1766,100
1766,1757,100
1757,1765,100
1765,1757,100
1757,1764,100
1764,1757,100
1757,1763,100
1763,1757,100
1757,1762,100
1762,1757,100
1757,1761,100
1761,1757,100
1757,1760,100
1760,1757,100
1757,1769,100
1769,1757,100
1757,1768,100
1768,1757,100
1767,1766,100
1766,1767,100
1767,1765,100
1765,1767,100
1767,1764,100
1764,1767,100
1767,1763,100
1763,1767,100
1767,1762,100
1762,1767,100
1767,1761,100
1761,1767,100
1767,1760,100
1760,1767,100
1767,1769,100
1769,1767,100
1767,1768,100
1768,1767,100
1766,1765,100
1765,1766,100
1766,1764,100
1764,1766,100
1766,1763,100
1763,1766,100
1766,1762,100
1762,1766,100
1766,1761,100
1761,1766,100
1766,1760,100
1760,1766,100
1766,1769,100
1769,1766,100
1766,1768,100
1768,1766,100
1765,1764,100
1764,1765,100
1765,1763,100
1763,1765,100
1765,1762,100
1762,1765,100
1765,1761,100
1761,1765,100
1765,1760,100
1760,1765,100
1765,1769,100
1769,1765,100
1765,1768,100
1768,1765,100
1764,1763,100
1763,1764,100
1764,1762,100
1762,1764,100
1764,1761,100
1761,1764,100
1764,1760,100
1760,1764,100
1764,1769,100
1769,1764,100
1764,1768,100
1768,1764,100
1763,1762,100
1762,1763,100
1763,1761,100
1761,1763,100
1763,1760,100
1760,1763,100
1763,1769,100
1769,1763,100
1763,1768,100
1768,1763,100
1762,1761,100
1761,1762,100
1762,1760,100
1760,1762,100
1762,1769,100
1769,1762,100
1762,1768,100
1768,1762,100
1761,1760,100
1760,1761,100
1761,1769,100
1769,1761,100
1761,1768,100
1768,1761,100
1760,1769,100
1769,1760,100
1760,1768,100
1768,1760,100
1769,1768,100
1768,1769,100
1787,1786,1
1787,1785,100
1785,1787,1
1787,1784,100
1786,1785,100
1785,1786,100
1786,1784,100
1784,1786,100
1785,1784,100
1784,1785,100
1797,1796,4
10505,11836,2
11836,10505,1
11805,11804,50
11804,11805,2
11804,11806,100
11806,11804,100
11812,11811,33
11811,11812,33
11816,11815,16
11815,11816,14
10594,10593,8
10593,10594,12
10594,10596,100
10596,10594,20
10594,10595,100
10595,10594,9
10593,10596,100
10596,10593,100
10593,10595,100
10595,10593,100
10596,10595,100
10595,10596,100
10574,10571,1
1806,1807,2
1807,1805,100
1807,1804,100
1807,1803,100
1803,1807,1
1807,1802,100
1802,1807,4
1807,1801,100
1801,1807,25
1806,1805,100
1805,1806,100
1806,1804,100
1804,1806,100
1806,1803,100
1803,1806,100
1806,1802,100
1802,1806,100
1806,1801,100
1801,1806,100
1805,1804,100
1804,1805,100
1805,1803,100
1803,1805,100
1805,1802,100
1802,1805,100
1805,1801,100
1801,1805,100
1804,1803,100
1803,1804,100
1804,1802,100
1802,1804,100
1804,1801,100
1801,1804,100
1803,1802,100
1802,1803,100
1803,1801,100
1801,1803,100
1802,1801,100
1801,1802,100
1814,1813,1
1813,1814,7
1814,1812,14
1812,1814,1
1813,1812,14
1812,1813,100
1829,1828,1
1828,1829,1
1829,1827,100
1827,1829,2
1829,1826,100
1829,1825,100
1825,1829,1
1828,1827,100
1827,1828,100
1828,1826,100
1826,1828,100
1828,1825,100
1825,1828,100
1827,1826,100
1826,1827,100
1827,1825,100
1825,1827,100
1826,1825,100
1825,1826,100
1838,1836,100
1836,1838,2
1837,1836,100
1836,1837,100
1836,1844,100
1844,1836,1
1836,1843,100
1843,1836,5
1836,1842,100
1836,1841,100
1836,1840,100
1840,1836,1
1844,1843,100
1843,1844,100
1844,1842,100
1842,1844,100
1844,1841,100
1841,1844,100
1844,1840,100
1840,1844,100
1843,1842,100
1842,1843,100
1843,1841,100
1841,1843,100
1843,1840,100
1840,1843,100
1842,1841,100
1841,1842,100
1842,1840,100
1840,1842,100
1841,1840,100
1840,1841,100
1852,1851,1
1851,1852,1
1852,1850,100
1850,1852,25
1851,1850,100
1850,1851,100
1865,1864,39
1864,1865,29
1861,1860,8
1860,1861,11
1880,1867,3
1875,1874,7
1874,1875,1
1875,1873,50
1873,1875,1
1874,1873,50
1873,1874,100
1879,1878,1
1886,1885,1
1885,1886,2
1886,1884,100
1886,1883,100
1883,1886,2
1885,1884,100
1884,1885,100
1885,1883,100
1883,1885,100
1884,1883,100
1883,1884,100
1898,1897,12
1894,1893,4
1893,1894,3
1894,1892,100
1892,1894,25
1893,1892,100
1892,1893,100
10619,10618,5
10618,10619,50
1908,1907,1
1907,1908,1
1908,1906,100
1906,1908,5
1908,1905,100
1907,1906,100
1906,1907,100
1907,1905,100
1905,1907,100
1906,1905,100
1905,1906,100
1914,1915,1
1915,1913,100
1913,1915,7
1915,1912,100
1912,1915,7
1915,1911,100
1914,1913,100
1913,1914,100
1914,1912,100
1912,1914,100
1914,1911,100
1911,1914,100
1913,1912,100
1912,1913,100
1913,1911,100
1911,1913,100
1912,1911,100
1911,1912,100
1926,1925,8
1925,1926,1
1926,1924,100
1925,1924,100
1924,1925,100
1931,1930,1
1937,1936,1
1936,1937,2
1937,1935,100
1935,1937,2
1936,1935,100
1935,1936,100
1946,1945,1
1945,1946,1
1946,1944,100
1944,1946,4
1945,1944,100
1944,1945,100
1959,1958,1
1959,1957,100
1957,1959,1
1958,1957,100
1957,1958,100
1963,1964,7
1968,1967,4
1967,1968,100
11900,1975,4
1975,11900,1
1978,1977,1
1977,1978,4
1989,1988,1
1988,1989,33
1997,1996,2
1997,1995,100
1995,1997,14
1997,1994,100
1997,1993,100
1993,1997,2
1997,1992,100
1992,1997,1
1996,1995,100
1995,1996,100
1996,1994,100
1994,1996,100
1996,1993,100
1993,1996,100
1996,1992,100
1992,1996,100
1995,1994,100
1994,1995,100
1995,1993,100
1993,1995,100
1995,1992,100
1992,1995,100
1994,1993,100
1993,1994,100
1994,1992,100
1992,1994,100
1993,1992,100
1992,1993,100
9010,9011,18
9011,9010,24
9037,9034,1
9034,9037,6
9081,9082,100
9082,9081,1
9085,9086,50
9086,9085,33
10758,10757,1
10757,10758,2
10711,10714,10
10714,10711,20
10711,10713,100
10713,10711,16
10714,10713,100
10713,10714,100
10701,10700,12
10700,10701,11
10700,10702,100
10702,10700,11
10707,10706,7
10706,10707,100
9122,9123,100
9123,9122,3
9177,9178,3
9178,9177,50
9195,9196,50
9196,9195,42
10830,10831,2
10842,10841,12
10841,10842,4
10808,10807,25
10807,10808,21
10814,10815,50
9234,9235,11
9235,9234,1
10819,10818,2
10824,10823,2
10823,10824,33
9281,9282,12
9282,9281,25
9281,9280,100
9280,9281,33
9282,9280,100
9280,9282,100
9280,9283,100
9283,9280,9
9280,9284,100
9284,9280,33
9283,9284,100
9284,9283,100
10971,10974,33
10974,10971,25
10971,10973,100
10973,10971,25
10974,10973,100
10973,10974,100
10955,10958,14
10958,10955,50
10955,10957,100
10957,10955,50
10958,10957,100
10957,10958,100
9322,9323,100
9323,9322,16
9326,9327,100
9327,9326,16
10914,10913,3
10913,10914,4
9383,8068,11
8093,8094,5
8094,8093,5
8171,8174,5
8174,8171,9
8171,8175,100
8175,8171,10
8171,8172,100
8172,8171,25
8171,8173,100
8173,8171,11
8174,8175,100
8175,8174,100
8174,8172,100
8172,8174,100
8174,8173,100
8173,8174,100
8175,8172,100
8172,8175,100
8175,8173,100
8173,8175,100
8172,8173,100
8173,8172,100
9501,9510,2
9510,9501,8
9501,9513,8
9513,9501,4
9510,9513,8
9513,9510,100
9508,9509,14
9509,9508,2
9524,9525,50
9525,9524,16
9524,9522,100
9522,9524,10
9524,9523,100
9523,9524,100
9525,9522,100
9522,9525,100
9525,9523,100
9523,9525,100
9522,9523,100
9523,9522,100
8291,8292,5
8292,8291,50
9605,9606,2
9606,9605,1
9643,8313,1
8313,9643,3
8329,8327,100
8327,8329,50
8327,8328,100
8328,8327,100
100,101,5
104,106,50
106,104,2
104,107,100
105,106,50
106,105,100
105,107,100
107,105,100
105,108,100
106,107,100
107,106,100
106,108,100
108,106,100
107,108,100
108,107,100
111,112,3
112,111,4
111,113,33
113,111,2
111,114,100
114,111,1
111,115,100
115,111,2
111,116,100
111,117,100
111,118,100
118,111,2
112,113,33
113,112,100
112,114,100
114,112,100
112,115,100
115,112,100
112,116,100
116,112,100
112,117,100
117,112,100
112,118,100
118,112,100
113,114,100
114,113,100
113,115,100
115,113,100
113,116,100
116,113,100
113,117,100
117,113,100
113,118,100
118,113,100
114,115,100
115,114,100
114,116,100
116,114,100
114,117,100
117,114,100
114,118,100
118,114,100
115,116,100
116,115,100
115,117,100
117,115,100
115,118,100
118,115,100
116,117,100
117,116,100
116,118,100
118,116,100
117,118,100
118,117,100
121,122,2
122,121,5
121,123,100
121,124,100
124,121,1
121,125,100
125,121,2
121,126,100
126,121,1
121,127,100
121,128,100
121,129,100
122,123,100
123,122,100
122,124,100
124,122,100
122,125,100
125,122,100
122,126,100
126,122,100
122,127,100
127,122,100
122,128,100
128,122,100
122,129,100
129,122,100
123,124,100
124,123,100
123,125,100
125,123,100
123,126,100
126,123,100
123,127,100
127,123,100
123,128,100
128,123,100
123,129,100
129,123,100
124,125,100
125,124,100
124,126,100
126,124,100
124,127,100
127,124,100
124,128,100
128,124,100
124,129,100
129,124,100
125,126,100
126,125,100
125,127,100
127,125,100
125,128,100
128,125,100
125,129,100
129,125,100
126,127,100
127,126,100
126,128,100
128,126,100
126,129,100
129,126,100
127,128,100
128,127,100
127,129,100
129,127,100
128,129,100
129,128,100
131,132,1
132,131,3
131,133,100
132,133,100
133,132,100
137,138,3
138,137,1
137,139,100
139,137,3
138,139,100
139,138,100
142,143,14
143,142,20
142,144,100
144,142,14
142,145,100
145,142,50
142,146,100
146,142,33
142,147,100
142,148,100
148,142,1
142,149,100
149,142,6
143,144,100
144,143,100
143,145,100
145,143,100
143,146,100
146,143,100
143,147,100
147,143,100
143,148,100
148,143,100
143,149,100
149,143,100
144,145,100
145,144,100
144,146,100
146,144,100
144,147,100
147,144,100
144,148,100
148,144,100
144,149,100
149,144,100
145,146,100
146,145,100
145,147,100
147,145,100
145,148,100
148,145,100
145,149,100
149,145,100
146,147,100
147,146,100
146,148,100
148,146,100
146,149,100
149,146,100
147,148,100
148,147,100
147,149,100
149,147,100
148,149,100
149,148,100
9787,150,16
154,155,14
158,159,32
159,158,8
165,166,36
166,165,33
165,167,35
167,165,13
166,167,35
167,166,100
167,7129,2
8478,170,8
176,177,1
177,176,10
176,178,14
177,178,14
178,177,100
180,181,2
181,180,5
180,182,100
182,180,6
180,183,100
183,180,7
181,182,100
182,181,100
181,183,100
183,181,100
182,183,100
183,182,100
187,188,1
188,187,1
190,191,26
191,190,23
191,192,12
192,191,1
191,193,50
191,194,100
194,191,1
192,193,50
193,192,100
192,194,100
194,192,100
193,194,100
194,193,100
193,195,100
194,195,100
195,194,100
195,196,100
196,195,4
7197,7199,4
7199,7197,100
9816,9817,100
9817,9816,100
202,201,8
201,203,100
201,204,100
201,205,100
201,206,100
202,203,100
203,202,100
202,204,100
204,202,100
202,205,100
205,202,100
202,206,100
206,202,100
202,207,100
203,204,100
204,203,100
203,205,100
205,203,100
203,206,100
206,203,100
203,207,100
207,203,100
203,208,100
204,205,100
205,204,100
204,206,100
206,204,100
204,207,100
207,204,100
204,208,100
208,204,100
204,209,100
205,206,100
206,205,100
205,207,100
207,205,100
205,208,100
208,205,100
205,209,100
209,205,100
206,207,100
207,206,100
206,208,100
208,206,100
206,209,100
209,206,100
207,208,100
208,207,100
207,209,100
209,207,100
208,209,100
209,208,100
212,211,1
211,213,100
211,214,100
214,211,4
211,215,100
212,213,100
213,212,100
212,214,100
214,212,100
212,215,100
215,212,100
213,214,100
214,213,100
213,215,100
215,213,100
214,215,100
215,214,100
221,222,2
221,223,100
223,221,1
221,224,100
224,221,11
222,223,100
223,222,100
222,224,100
224,222,100
223,224,100
224,223,100
230,231,1
231,230,10
234,235,8
235,234,7
234,236,33
236,234,4
234,237,12
234,238,100
238,234,16
234,239,100
239,234,4
235,236,33
236,235,100
235,237,12
237,235,100
235,238,100
238,235,100
235,239,100
239,235,100
236,237,12
237,236,100
236,238,100
238,236,100
236,239,100
239,236,100
237,238,100
238,237,100
237,239,100
239,237,100
238,239,100
239,238,100
240,241,14
241,240,50
240,242,100
241,242,100
242,241,100
247,246,2
246,248,50
246,249,100
247,248,50
248,247,100
247,249,100
249,247,100
248,249,100
249,248,100
252,253,33
253,252,20
257,256,4
256,258,100
256,259,100
257,258,100
258,257,100
257,259,100
259,257,100
258,259,100
259,258,100
263,262,5
266,267,2
266,268,33
268,266,3
267,268,33
268,267,100
270,271,39
271,270,32
271,272,1
272,271,1
275,276,2
276,275,3
275,277,25
277,275,2
275,278,100
275,279,100
276,277,25
277,276,100
276,278,100
278,276,100
276,279,100
279,276,100
277,278,100
278,277,100
277,279,100
279,277,100
278,279,100
279,278,100
7256,7259,10
7259,7256,50
7259,7258,100
7258,7259,100
282,281,1
282,283,25
283,282,3
287,286,7
290,292,100
292,290,1
290,293,100
293,290,1
291,292,100
292,291,100
291,293,100
293,291,100
292,293,100
293,292,100
292,294,100
294,292,12
293,294,100
294,293,100
293,295,100
295,293,1
294,295,100
295,294,100
295,296,100
296,295,25
298,297,1
297,299,100
299,297,4
298,299,100
299,298,100
16032,16031,100
16031,16032,100
16049,16011,28
16049,16010,100
16011,16010,100
16010,16011,100
16012,16019,12
16019,16012,9
9908,9909,50
9909,9908,50
9906,9907,1
9907,9906,1
300,301,2
300,302,100
302,300,12
301,302,100
302,301,100
9941,310,100
313,314,2
313,315,50
313,316,100
316,313,14
314,315,50
315,314,100
314,316,100
316,314,100
315,316,100
316,315,100
315,317,100
316,317,100
317,316,100
317,318,100
318,317,1
323,324,2
324,323,1
323,325,100
323,326,100
326,323,1
323,327,100
327,323,20
324,325,100
325,324,100
324,326,100
326,324,100
324,327,100
327,324,100
325,326,100
326,325,100
325,327,100
327,325,100
326,327,100
327,326,100
16094,16093,33
16093,16094,3
331,332,18
332,331,30
331,333,2
333,331,3
331,334,100
331,335,100
335,331,1
331,336,100
336,331,1
331,337,100
331,338,100
332,333,2
333,332,100
332,334,100
334,332,100
332,335,100
335,332,100
332,336,100
336,332,100
332,337,100
337,332,100
332,338,100
338,332,100
333,334,100
334,333,100
333,335,100
335,333,100
333,336,100
336,333,100
333,337,100
337,333,100
333,338,100
338,333,100
333,339,100
339,333,2
334,335,100
335,334,100
334,336,100
336,334,100
334,337,100
337,334,100
334,338,100
338,334,100
334,339,100
339,334,100
335,336,100
336,335,100
335,337,100
337,335,100
335,338,100
338,335,100
335,339,100
339,335,100
336,337,100
337,336,100
336,338,100
338,336,100
336,339,100
339,336,100
337,338,100
338,337,100
337,339,100
339,337,100
338,339,100
339,338,100
340,341,1
341,340,1
340,342,14
340,343,100
343,340,3
340,344,100
340,345,100
340,346,100
340,347,100
341,342,14
342,341,100
341,343,100
343,341,100
341,344,100
344,341,100
341,345,100
345,341,100
341,346,100
346,341,100
341,347,100
347,341,100
342,343,100
343,342,100
342,344,100
344,342,100
342,345,100
345,342,100
342,346,100
346,342,100
342,347,100
347,342,100
343,344,100
344,343,100
343,345,100
345,343,100
343,346,100
346,343,100
343,347,100
347,343,100
344,345,100
345,344,100
344,346,100
346,344,100
344,347,100
347,344,100
345,346,100
346,345,100
345,347,100
347,345,100
346,347,100
347,346,100
354,355,25
355,354,50
354,356,100
356,354,50
354,357,100
354,358,100
358,354,1
354,359,100
359,354,3
355,356,100
356,355,100
355,357,100
357,355,100
355,358,100
358,355,100
355,359,100
359,355,100
356,357,100
357,356,100
356,358,100
358,356,100
356,359,100
359,356,100
357,358,100
358,357,100
357,359,100
359,357,100
358,359,100
359,358,100
362,363,2
363,362,1
362,364,50
363,364,50
364,363,100
7326,7329,100
7329,7326,12
370,371,8
371,370,3
371,372,3
372,371,2
371,373,100
373,371,1
371,374,100
371,375,100
375,371,1
372,373,100
373,372,100
372,374,100
374,372,100
372,375,100
375,372,100
373,374,100
374,373,100
373,375,100
375,373,100
374,375,100
375,374,100
385,384,5
388,389,2
8698,390,1
8690,396,20
6028,7359,2
7359,6028,6
6049,6048,14
6048,6049,2
6081,6080,50
6080,6081,5
16006,16005,25
16005,16006,9
6090,6092,5
6092,6090,1
6090,6091,100
6091,6090,3
6090,6094,100
6094,6090,50
6090,6093,100
6093,6090,100
6092,6091,100
6091,6092,100
6092,6094,100
6094,6092,100
6092,6093,100
6093,6092,100
6091,6094,100
6094,6091,100
6091,6093,100
6093,6091,100
6094,6093,100
6093,6094,100
16191,16176,20
16176,16191,4
16178,16177,5
16177,16178,12
16182,16181,9
16181,16182,25
16182,16180,100
16180,16182,50
16181,16180,100
16180,16181,100
400,401,2
400,402,100
400,403,100
403,400,1
400,404,100
404,400,1
401,402,100
402,401,100
401,403,100
403,401,100
401,404,100
404,401,100
402,403,100
403,402,100
402,404,100
404,402,100
403,404,100
404,403,100
411,412,3
412,411,1
411,413,25
411,414,100
411,415,100
412,413,25
413,412,100
412,414,100
414,412,100
412,415,100
415,412,100
412,416,100
413,414,100
414,413,100
413,415,100
415,413,100
413,416,100
416,413,100
413,417,100
417,413,4
414,415,100
415,414,100
414,416,100
416,414,100
414,417,100
417,414,100
414,418,100
415,416,100
416,415,100
415,417,100
417,415,100
415,418,100
418,415,100
415,419,100
419,415,2
416,417,100
417,416,100
416,418,100
418,416,100
416,419,100
419,416,100
417,418,100
418,417,100
417,419,100
419,417,100
418,419,100
419,418,100
420,422,100
421,422,100
422,421,100
433,434,16
434,433,26
433,435,1
434,435,1
435,434,100
8727,8728,100
8728,8727,4
442,441,1
441,443,33
443,441,6
441,444,100
441,445,100
441,446,100
441,447,100
441,448,100
442,443,33
443,442,100
442,444,100
444,442,100
442,445,100
445,442,100
442,446,100
446,442,100
442,447,100
447,442,100
442,448,100
448,442,100
443,444,100
444,443,100
443,445,100
445,443,100
443,446,100
446,443,100
443,447,100
447,443,100
443,448,100
448,443,100
443,449,100
444,445,100
445,444,100
444,446,100
446,444,100
444,447,100
447,444,100
444,448,100
448,444,100
444,449,100
449,444,100
445,446,100
446,445,100
445,447,100
447,445,100
445,448,100
448,445,100
445,449,100
449,445,100
446,447,100
447,446,100
446,448,100
448,446,100
446,449,100
449,446,100
447,448,100
448,447,100
447,449,100
449,447,100
448,449,100
449,448,100
451,452,2
452,451,3
451,453,33
453,451,1
451,454,100
451,455,100
455,451,3
451,456,100
456,451,16
451,457,100
457,451,5
451,458,100
451,459,100
452,453,33
453,452,100
452,454,100
454,452,100
452,455,100
455,452,100
452,456,100
456,452,100
452,457,100
457,452,100
452,458,100
458,452,100
452,459,100
459,452,100
453,454,100
454,453,100
453,455,100
455,453,100
453,456,100
456,453,100
453,457,100
457,453,100
453,458,100
458,453,100
453,459,100
459,453,100
454,455,100
455,454,100
454,456,100
456,454,100
454,457,100
457,454,100
454,458,100
458,454,100
454,459,100
459,454,100
455,456,100
456,455,100
455,457,100
457,455,100
455,458,100
458,455,100
455,459,100
459,455,100
456,457,100
457,456,100
456,458,100
458,456,100
456,459,100
459,456,100
457,458,100
458,457,100
457,459,100
459,457,100
458,459,100
459,458,100
8761,8762,100
8762,8761,4
462,463,100
463,462,1
462,464,100
462,465,100
465,462,2
462,466,100
466,462,1
462,467,100
462,468,100
462,469,100
469,462,1
463,464,100
464,463,100
463,465,100
465,463,100
463,466,100
466,463,100
463,467,100
467,463,100
463,468,100
468,463,100
463,469,100
469,463,100
464,465,100
465,464,100
464,466,100
466,464,100
464,467,100
467,464,100
464,468,100
468,464,100
464,469,100
469,464,100
465,466,100
466,465,100
465,467,100
467,465,100
465,468,100
468,465,100
465,469,100
469,465,100
466,467,100
467,466,100
466,468,100
468,466,100
466,469,100
469,466,100
467,468,100
468,467,100
467,469,100
469,467,100
468,469,100
469,468,100
470,471,1
471,470,100
474,475,7
478,479,3
482,483,3
483,482,1
482,484,100
484,482,3
482,485,100
482,486,100
483,484,100
484,483,100
483,485,100
485,483,100
483,486,100
486,483,100
484,485,100
485,484,100
484,486,100
486,484,100
485,486,100
486,485,100
494,495,1
494,496,100
496,494,33
494,497,100
494,498,100
498,494,2
494,499,100
495,496,100
496,495,100
495,497,100
497,495,100
495,498,100
498,495,100
495,499,100
499,495,100
496,497,100
497,496,100
496,498,100
498,496,100
496,499,100
499,496,100
497,498,100
498,497,100
497,499,100
499,497,100
498,499,100
499,498,100
6199,6198,7
6198,6199,50
6193,6192,3
6192,6193,5
16282,16281,33
16281,16282,50
16256,16255,16
16255,16256,25
16256,16254,100
16254,16256,50
16255,16254,100
16254,16255,100
504,505,1
505,504,5
507,508,4
508,507,1
507,509,100
509,507,1
508,509,100
509,508,100
510,511,8
510,512,100
512,510,1
510,513,100
510,514,100
511,512,100
512,511,100
511,513,100
513,511,100
511,514,100
514,511,100
511,515,100
515,511,1
512,513,100
513,512,100
512,514,100
514,512,100
512,515,100
515,512,100
513,514,100
514,513,100
513,515,100
515,513,100
514,515,100
515,514,100
8820,8821,100
8821,8820,100
521,522,7
530,531,5
531,530,4
534,535,2
534,536,14
535,536,14
536,535,100
535,537,100
537,535,3
536,537,100
537,536,100
536,538,100
538,536,2
537,538,100
538,537,100
537,539,100
538,539,100
539,538,100
542,541,5
541,543,100
541,544,100
542,543,100
543,542,100
542,544,100
544,542,100
543,544,100
544,543,100
551,552,2
551,553,100
553,551,1
551,554,100
551,555,100
551,556,100
556,551,1
551,557,100
557,551,25
551,558,100
552,553,100
553,552,100
552,554,100
554,552,100
552,555,100
555,552,100
552,556,100
556,552,100
552,557,100
557,552,100
552,558,100
558,552,100
553,554,100
554,553,100
553,555,100
555,553,100
553,556,100
556,553,100
553,557,100
557,553,100
553,558,100
558,553,100
554,555,100
555,554,100
554,556,100
556,554,100
554,557,100
557,554,100
554,558,100
558,554,100
555,556,100
556,555,100
555,557,100
557,555,100
555,558,100
558,555,100
556,557,100
557,556,100
556,558,100
558,556,100
557,558,100
558,557,100
8863,560,1
564,563,1
563,565,100
563,566,100
563,567,100
563,568,100
568,563,5
563,569,100
564,565,100
565,564,100
564,566,100
566,564,100
564,567,100
567,564,100
564,568,100
568,564,100
564,569,100
569,564,100
565,566,100
566,565,100
565,567,100
567,565,100
565,568,100
568,565,100
565,569,100
569,565,100
566,567,100
567,566,100
566,568,100
568,566,100
566,569,100
569,566,100
567,568,100
568,567,100
567,569,100
569,567,100
568,569,100
569,568,100
571,570,1
574,575,1
575,574,2
578,579,1
579,578,10
7537,8867,1
8882,8883,11
8883,8882,12
580,581,1
580,582,100
582,580,1
580,583,100
580,584,100
580,585,100
580,586,100
586,580,1
580,587,100
580,588,100
588,580,1
580,589,100
581,582,100
582,581,100
581,583,100
583,581,100
581,584,100
584,581,100
581,585,100
585,581,100
581,586,100
586,581,100
581,587,100
587,581,100
581,588,100
588,581,100
581,589,100
589,581,100
582,583,100
583,582,100
582,584,100
584,582,100
582,585,100
585,582,100
582,586,100
586,582,100
582,587,100
587,582,100
582,588,100
588,582,100
582,589,100
589,582,100
583,584,100
584,583,100
583,585,100
585,583,100
583,586,100
586,583,100
583,587,100
587,583,100
583,588,100
588,583,100
583,589,100
589,583,100
584,585,100
585,584,100
584,586,100
586,584,100
584,587,100
587,584,100
584,588,100
588,584,100
584,589,100
589,584,100
585,586,100
586,585,100
585,587,100
587,585,100
585,588,100
588,585,100
585,589,100
589,585,100
586,587,100
587,586,100
586,588,100
588,586,100
586,589,100
589,586,100
587,588,100
588,587,100
587,589,100
589,587,100
588,589,100
589,588,100
593,592,5
592,594,10
592,595,100
592,596,100
592,597,100
592,598,100
598,592,1
592,599,100
593,594,10
594,593,100
593,595,100
595,593,100
593,596,100
596,593,100
593,597,100
597,593,100
593,598,100
598,593,100
593,599,100
599,593,100
594,595,100
595,594,100
594,596,100
596,594,100
594,597,100
597,594,100
594,598,100
598,594,100
594,599,100
599,594,100
595,596,100
596,595,100
595,597,100
597,595,100
595,598,100
598,595,100
595,599,100
599,595,100
596,597,100
597,596,100
596,598,100
598,596,100
596,599,100
599,596,100
597,598,100
598,597,100
597,599,100
599,597,100
598,599,100
599,598,100
6269,6268,25
6268,6269,2
6290,6292,10
6292,6290,4
6290,6291,100
6291,6290,3
6292,6291,100
6291,6292,100
16234,16233,100
16233,16234,100
16234,16232,100
16232,16234,100
16233,16232,100
16232,16233,100
16236,16242,25
16242,16236,5
16246,16245,72
16245,16246,66
16218,16220,7
16220,16218,2
16222,16221,50
16221,16222,50
16206,16205,100
16205,16206,100
601,602,5
602,601,6
605,606,1
611,612,1
612,611,1
611,613,33
613,611,20
612,613,33
613,612,100
612,614,100
613,614,100
614,613,100
613,615,100
614,615,100
615,614,100
614,616,100
616,614,3
615,616,100
616,615,100
621,622,1
621,623,33
621,624,100
624,621,50
622,623,33
623,622,100
622,624,100
624,622,100
623,624,100
624,623,100
630,631,20
631,630,20
630,632,100
632,630,3
630,633,100
633,630,33
630,634,100
634,630,100
630,635,100
635,630,2
631,632,100
632,631,100
631,633,100
633,631,100
631,634,100
634,631,100
631,635,100
635,631,100
631,636,100
632,633,100
633,632,100
632,634,100
634,632,100
632,635,100
635,632,100
632,636,100
636,632,100
633,634,100
634,633,100
633,635,100
635,633,100
633,636,100
636,633,100
634,635,100
635,634,100
634,636,100
636,634,100
635,636,100
636,635,100
8927,8928,20
8928,8927,14
640,642,100
642,640,25
640,643,100
640,644,100
644,640,1
640,645,100
645,640,1
640,646,100
646,640,1
641,642,100
642,641,100
641,643,100
643,641,100
641,644,100
644,641,100
641,645,100
645,641,100
641,646,100
646,641,100
642,643,100
643,642,100
642,644,100
644,642,100
642,645,100
645,642,100
642,646,100
646,642,100
642,647,100
643,644,100
644,643,100
643,645,100
645,643,100
643,646,100
646,643,100
643,647,100
647,643,100
644,645,100
645,644,100
644,646,100
646,644,100
644,647,100
647,644,100
645,646,100
646,645,100
645,647,100
647,645,100
646,647,100
647,646,100
651,652,1
651,653,33
651,654,100
654,651,5
652,653,33
653,652,100
652,654,100
654,652,100
653,654,100
654,653,100
661,660,1
660,662,100
660,663,100
663,660,16
660,664,100
660,665,100
665,660,1
660,666,100
666,660,1
660,667,100
667,660,2
660,668,100
668,660,1
661,662,100
662,661,100
661,663,100
663,661,100
661,664,100
664,661,100
661,665,100
665,661,100
661,666,100
666,661,100
661,667,100
667,661,100
661,668,100
668,661,100
662,663,100
663,662,100
662,664,100
664,662,100
662,665,100
665,662,100
662,666,100
666,662,100
662,667,100
667,662,100
662,668,100
668,662,100
662,669,100
669,662,1
663,664,100
664,663,100
663,665,100
665,663,100
663,666,100
666,663,100
663,667,100
667,663,100
663,668,100
668,663,100
663,669,100
669,663,100
664,665,100
665,664,100
664,666,100
666,664,100
664,667,100
667,664,100
664,668,100
668,664,100
664,669,100
669,664,100
665,666,100
666,665,100
665,667,100
667,665,100
665,668,100
668,665,100
665,669,100
669,665,100
666,667,100
667,666,100
666,668,100
668,666,100
666,669,100
669,666,100
667,668,100
668,667,100
667,669,100
669,667,100
668,669,100
669,668,100
670,671,2
671,670,1
670,672,100
672,670,3
670,673,100
670,674,100
674,670,1
670,675,100
671,672,100
672,671,100
671,673,100
673,671,100
671,674,100
674,671,100
671,675,100
675,671,100
672,673,100
673,672,100
672,674,100
674,672,100
672,675,100
675,672,100
673,674,100
674,673,100
673,675,100
675,673,100
674,675,100
675,674,100
680,681,2
685,684,1
684,686,50
686,684,12
684,687,100
684,688,100
688,684,7
684,689,100
689,684,9
685,686,50
686,685,100
685,687,100
687,685,100
685,688,100
688,685,100
685,689,100
689,685,100
686,687,100
687,686,100
686,688,100
688,686,100
686,689,100
689,686,100
687,688,100
688,687,100
687,689,100
689,687,100
688,689,100
689,688,100
8992,8993,5
8993,8992,100
691,692,1
692,691,2
691,693,50
693,691,4
692,693,50
693,692,100
698,697,1
697,699,50
698,699,50
699,698,100
7671,7670,1
7670,7671,14
5018,5019,1
5019,5018,3
5045,6377,3
6377,5045,1
5058,5059,2
5059,5058,4
5075,5076,50
5076,5075,3
5071,5072,1
5072,5071,2
5071,5073,100
5073,5071,2
5072,5073,100
5073,5072,100
5088,5089,5
5089,5088,3
5097,5098,2
5098,5097,2
5093,5094,8
5094,5093,7
16351,16350,100
16350,16351,100
16361,16360,50
16360,16361,33
701,702,2
702,701,1
701,703,100
701,704,100
702,703,100
703,702,100
702,704,100
704,702,100
703,704,100
704,703,100
712,711,1
716,715,1
715,717,100
717,715,10
716,717,100
717,716,100
721,722,8
722,721,3
721,723,100
721,724,100
724,721,8
721,725,100
721,726,100
726,721,50
721,727,100
721,728,100
721,729,100
722,723,100
723,722,100
722,724,100
724,722,100
722,725,100
725,722,100
722,726,100
726,722,100
722,727,100
727,722,100
722,728,100
728,722,100
722,729,100
729,722,100
723,724,100
724,723,100
723,725,100
725,723,100
723,726,100
726,723,100
723,727,100
727,723,100
723,728,100
728,723,100
723,729,100
729,723,100
724,725,100
725,724,100
724,726,100
726,724,100
724,727,100
727,724,100
724,728,100
728,724,100
724,729,100
729,724,100
725,726,100
726,725,100
725,727,100
727,725,100
725,728,100
728,725,100
725,729,100
729,725,100
726,727,100
727,726,100
726,728,100
728,726,100
726,729,100
729,726,100
727,728,100
728,727,100
727,729,100
729,727,100
728,729,100
729,728,100
730,731,21
731,730,41
730,732,1
732,730,1
730,733,100
733,730,1
730,734,100
730,735,100
735,730,4
730,736,100
736,730,1
730,737,100
737,730,1
731,732,1
732,731,100
731,733,100
733,731,100
731,734,100
734,731,100
731,735,100
735,731,100
731,736,100
736,731,100
731,737,100
737,731,100
731,738,100
731,739,100
732,733,100
733,732,100
732,734,100
734,732,100
732,735,100
735,732,100
732,736,100
736,732,100
732,737,100
737,732,100
732,738,100
738,732,100
732,739,100
739,732,100
733,734,100
734,733,100
733,735,100
735,733,100
733,736,100
736,733,100
733,737,100
737,733,100
733,738,100
738,733,100
733,739,100
739,733,100
734,735,100
735,734,100
734,736,100
736,734,100
734,737,100
737,734,100
734,738,100
738,734,100
734,739,100
739,734,100
735,736,100
736,735,100
735,737,100
737,735,100
735,738,100
738,735,100
735,739,100
739,735,100
736,737,100
737,736,100
736,738,100
738,736,100
736,739,100
739,736,100
737,738,100
738,737,100
737,739,100
739,737,100
738,739,100
739,738,100
741,740,1
740,742,100
741,742,100
742,741,100
7707,7706,2
7706,7707,7
752,751,1
751,753,100
751,754,100
754,751,1
751,755,100
752,753,100
753,752,100
752,754,100
754,752,100
752,755,100
755,752,100
753,754,100
754,753,100
753,755,100
755,753,100
754,755,100
755,754,100
7714,759,3
761,760,2
760,762,50
760,763,100
761,762,50
762,761,100
761,763,100
763,761,100
762,763,100
763,762,100
771,772,4
775,776,4
776,775,4
775,777,100
777,775,1
775,778,100
778,775,11
776,777,100
777,776,100
776,778,100
778,776,100
777,778,100
778,777,100
777,779,100
778,779,100
779,778,100
782,781,33
781,783,100
781,784,100
784,781,6
781,785,100
781,786,100
786,781,6
781,787,100
787,781,2
781,788,100
781,789,100
782,783,100
783,782,100
782,784,100
784,782,100
782,785,100
785,782,100
782,786,100
786,782,100
782,787,100
787,782,100
782,788,100
788,782,100
782,789,100
789,782,100
783,784,100
784,783,100
783,785,100
785,783,100
783,786,100
786,783,100
783,787,100
787,783,100
783,788,100
788,783,100
783,789,100
789,783,100
784,785,100
785,784,100
784,786,100
786,784,100
784,787,100
787,784,100
784,788,100
788,784,100
784,789,100
789,784,100
785,786,100
786,785,100
785,787,100
787,785,100
785,788,100
788,785,100
785,789,100
789,785,100
786,787,100
787,786,100
786,788,100
788,786,100
786,789,100
789,786,100
787,788,100
788,787,100
787,789,100
789,787,100
788,789,100
789,788,100
6432,7763,2
7763,6432,1
794,793,1
793,795,100
793,796,100
796,793,1
793,797,100
797,793,1
793,798,100
793,799,100
794,795,100
795,794,100
794,796,100
796,794,100
794,797,100
797,794,100
794,798,100
798,794,100
794,799,100
799,794,100
795,796,100
796,795,100
795,797,100
797,795,100
795,798,100
798,795,100
795,799,100
799,795,100
796,797,100
797,796,100
796,798,100
798,796,100
796,799,100
799,796,100
797,798,100
798,797,100
797,799,100
799,797,100
798,799,100
799,798,100
5109,5108,100
5128,5129,3
5129,5128,33
5176,5177,7
5177,5176,3
5170,5171,4
5171,5170,2
5170,5172,100
5172,5170,1
5171,5172,100
5172,5171,100
5187,5188,25
5188,5187,16
5187,5189,100
5189,5187,5
5188,5189,100
5189,5188,100
5196,5197,2
5197,5196,2
16431,16430,99
16430,16431,81
16429,16428,50
16428,16429,20
802,801,20
801,803,100
801,804,100
804,801,1
801,805,100
802,803,100
803,802,100
802,804,100
804,802,100
802,805,100
805,802,100
803,804,100
804,803,100
803,805,100
805,803,100
804,805,100
805,804,100
811,812,1
815,817,100
816,817,100
817,816,100
822,821,1
821,823,100
823,821,1
822,823,100
823,822,100
827,828,1
827,829,100
827,830,100
827,831,100
827,832,100
827,833,100
827,834,100
834,827,2
828,829,100
829,828,100
828,830,100
830,828,100
828,831,100
831,828,100
828,832,100
832,828,100
828,833,100
833,828,100
828,834,100
834,828,100
829,830,100
830,829,100
829,831,100
831,829,100
829,832,100
832,829,100
829,833,100
833,829,100
829,834,100
834,829,100
830,831,100
831,830,100
830,832,100
832,830,100
830,833,100
833,830,100
830,834,100
834,830,100
831,832,100
832,831,100
831,833,100
833,831,100
831,834,100
834,831,100
832,833,100
833,832,100
832,834,100
834,832,100
833,834,100
834,833,100
841,840,25
840,842,100
841,842,100
842,841,100
845,846,2
850,851,2
850,852,100
852,850,1
850,853,100
853,850,20
851,852,100
852,851,100
851,853,100
853,851,100
852,853,100
853,852,100
864,865,3
864,866,50
866,864,1
865,866,50
866,865,100
7828,7827,100
7827,7828,25
872,873,3
873,872,2
872,874,100
872,875,100
872,876,100
876,872,1
872,877,100
873,874,100
874,873,100
873,875,100
875,873,100
873,876,100
876,873,100
873,877,100
877,873,100
874,875,100
875,874,100
874,876,100
876,874,100
874,877,100
877,874,100
874,878,100
875,876,100
876,875,100
875,877,100
877,875,100
875,878,100
878,875,100
876,877,100
877,876,100
876,878,100
878,876,100
876,879,100
877,878,100
878,877,100
877,879,100
879,877,100
878,879,100
879,878,100
881,882,10
882,881,1
881,883,100
883,881,2
881,884,100
884,881,8
881,885,100
882,883,100
883,882,100
882,884,100
884,882,100
882,885,100
885,882,100
883,884,100
884,883,100
883,885,100
885,883,100
884,885,100
885,884,100
893,892,1
892,894,100
894,892,1
892,895,100
895,892,50
892,896,100
892,897,100
897,892,1
892,898,100
898,892,1
892,899,100
893,894,100
894,893,100
893,895,100
895,893,100
893,896,100
896,893,100
893,897,100
897,893,100
893,898,100
898,893,100
893,899,100
899,893,100
894,895,100
895,894,100
894,896,100
896,894,100
894,897,100
897,894,100
894,898,100
898,894,100
894,899,100
899,894,100
895,896,100
896,895,100
895,897,100
897,895,100
895,898,100
898,895,100
895,899,100
899,895,100
896,897,100
897,896,100
896,898,100
898,896,100
896,899,100
899,896,100
897,898,100
898,897,100
897,899,100
899,897,100
898,899,100
899,898,100
7871,7870,4
7870,7871,11
5218,5219,50
5219,5218,33
7891,7890,12
7890,7891,4
6572,5243,4
5243,6572,1
5274,5275,25
5275,5274,100
5274,5276,100
5276,5274,3
5275,5276,100
5276,5275,100
5270,5271,16
5271,5270,1
5284,5285,100
5285,5284,100
5284,5286,100
5286,5284,100
5285,5286,100
5286,5285,100
5280,5281,2
5281,5280,5
5280,5282,100
5282,5280,1
5281,5282,100
5282,5281,100
15259,15258,3
15258,15259,2
15259,15257,100
15257,15259,2
15258,15257,100
15257,15258,100
909,910,3
909,911,20
909,912,100
912,909,1
909,913,100
910,911,20
911,910,100
910,912,100
912,910,100
910,913,100
913,910,100
911,912,100
912,911,100
911,913,100
913,911,100
912,913,100
913,912,100
920,919,3
919,921,100
920,921,100
921,920,100
925,927,100
925,928,100
928,925,2
926,927,100
927,926,100
926,928,100
928,926,100
927,928,100
928,927,100
933,934,10
934,933,7
933,935,100
935,933,3
933,936,100
936,933,1
933,937,100
937,933,2
933,938,100
933,939,100
934,935,100
935,934,100
934,936,100
936,934,100
934,937,100
937,934,100
934,938,100
938,934,100
934,939,100
939,934,100
935,936,100
936,935,100
935,937,100
937,935,100
935,938,100
938,935,100
935,939,100
939,935,100
936,937,100
937,936,100
936,938,100
938,936,100
936,939,100
939,936,100
937,938,100
938,937,100
937,939,100
939,937,100
937,940,100
940,937,1
937,941,100
938,939,100
939,938,100
938,940,100
940,938,100
938,941,100
941,938,100
939,940,100
940,939,100
939,941,100
941,939,100
940,941,100
941,940,100
950,951,7
951,950,4
950,952,100
952,950,2
951,952,100
952,951,100
955,956,42
956,957,33
957,956,1
957,958,100
7913,7916,2
7916,7913,11
962,963,1
962,964,100
964,962,50
962,965,100
965,962,2
963,964,100
964,963,100
963,965,100
965,963,100
964,965,100
965,964,100
7922,969,5
969,7922,1
7927,7926,50
7926,7927,50
14078,14079,100
14079,14078,33
970,971,3
971,970,1
970,972,100
972,970,10
970,973,100
970,974,100
970,975,100
970,976,100
971,972,100
972,971,100
971,973,100
973,971,100
971,974,100
974,971,100
971,975,100
975,971,100
971,976,100
976,971,100
972,973,100
973,972,100
972,974,100
974,972,100
972,975,100
975,972,100
972,976,100
976,972,100
972,977,100
977,972,50
973,974,100
974,973,100
973,975,100
975,973,100
973,976,100
976,973,100
973,977,100
977,973,100
974,975,100
975,974,100
974,976,100
976,974,100
974,977,100
977,974,100
974,978,100
975,976,100
976,975,100
975,977,100
977,975,100
975,978,100
978,975,100
976,977,100
977,976,100
976,978,100
978,976,100
976,979,100
977,978,100
978,977,100
977,979,100
979,977,100
978,979,100
979,978,100
6607,7938,2
7938,6607,1
14083,14084,33
14084,14083,20
14081,14082,11
14082,14081,20
984,985,1
985,984,3
984,986,25
984,987,100
985,986,25
986,985,100
985,987,100
987,985,100
986,987,100
987,986,100
986,988,100
988,986,7
987,988,100
988,987,100
988,989,100
992,991,4
991,993,100
991,994,100
991,995,100
995,991,2
991,996,100
996,991,1
991,997,100
997,991,1
991,998,100
998,991,7
992,993,100
993,992,100
992,994,100
994,992,100
992,995,100
995,992,100
992,996,100
996,992,100
992,997,100
997,992,100
992,998,100
998,992,100
993,994,100
994,993,100
993,995,100
995,993,100
993,996,100
996,993,100
993,997,100
997,993,100
993,998,100
998,993,100
993,999,100
999,993,7
994,995,100
995,994,100
994,996,100
996,994,100
994,997,100
997,994,100
994,998,100
998,994,100
994,999,100
999,994,100
995,996,100
996,995,100
995,997,100
997,995,100
995,998,100
998,995,100
995,999,100
999,995,100
996,997,100
997,996,100
996,998,100
998,996,100
996,999,100
999,996,100
997,998,100
998,997,100
997,999,100
999,997,100
998,999,100
999,998,100
5308,5309,33
5309,5308,2
7981,7980,50
7980,7981,33
4002,5333,2
5333,4002,100
5329,5328,4
4017,5348,1
5348,4017,7
6695,4035,20
4035,6695,2
15302,15301,4
15301,15302,100
4071,4070,50
4070,4072,100
4072,4070,2
4071,4072,100
4072,4071,100
4087,4088,1
4088,4087,100
4087,4089,100
4089,4087,2
4088,4089,100
4089,4088,100
4089,4082,100
4082,4089,8
4089,4083,100
4083,4089,5
4082,4083,100
4083,4082,100
4090,4091,3
4091,4090,2
4090,4092,100
4092,4090,6
4091,4092,100
4092,4091,100
14058,14059,3
14059,14058,25
14015,15345,7
15321,15320,33
15320,15321,100
6701,6704,100
6704,6701,66
6701,6703,25
6703,6701,50
6704,6703,25
6703,6704,100
6713,6712,5
6712,6713,2
6713,6715,100
6715,6713,4
6713,6714,100
6714,6713,5
6712,6715,100
6715,6712,100
6712,6714,100
6714,6712,100
6715,6714,100
6714,6715,100
14193,14194,100
14194,14193,50
6724,6723,100
6723,6724,11
6723,6725,100
6725,6723,1
6737,5405,1
5427,6759,2
6759,5427,2
4165,5496,1
5496,4165,1
4172,4173,3
4173,4172,20
4172,4174,100
4172,4175,100
4175,4172,2
4172,4176,100
4176,4172,1
4173,4174,100
4174,4173,100
4173,4175,100
4175,4173,100
4173,4176,100
4176,4173,100
4173,4177,100
4177,4173,1
4174,4175,100
4175,4174,100
4174,4176,100
4176,4174,100
4174,4177,100
4177,4174,100
4174,4178,100
4178,4174,1
4175,4176,100
4176,4175,100
4175,4177,100
4177,4175,100
4175,4178,100
4178,4175,100
4175,4170,100
4175,4171,100
4171,4175,1
4176,4177,100
4177,4176,100
4176,4178,100
4178,4176,100
4176,4170,100
4170,4176,100
4176,4171,100
4171,4176,100
4177,4178,100
4178,4177,100
4177,4170,100
4170,4177,100
4177,4171,100
4171,4177,100
4178,4170,100
4170,4178,100
4178,4171,100
4171,4178,100
4170,4171,100
4171,4170,100
15428,15427,16
15427,15428,12
15428,15426,100
15426,15428,25
15427,15426,100
15426,15427,100
4181,4182,7
4182,4181,50
4195,4196,1
4196,4195,50
4191,4192,11
4192,4191,20
4191,4193,100
4193,4191,1
4192,4193,100
4193,4192,100
15413,15412,100
15412,15413,14
15482,15481,11
15481,15482,50
6829,6828,25
6828,6829,5
6825,6824,2
6824,6825,11
6825,6827,100
6827,6825,1
6825,6826,100
6826,6825,11
6824,6827,100
6827,6824,100
6824,6826,100
6826,6824,100
6827,6826,100
6826,6827,100
4208,5539,1
5539,4208,1
5588,4258,3
4273,4274,4
4274,4273,10
4273,4275,100
4275,4273,33
4273,4276,100
4276,4273,100
4274,4275,100
4275,4274,100
4274,4276,100
4276,4274,100
4275,4276,100
4276,4275,100
4288,4289,1
4289,4288,12
4295,4294,1
14258,14259,50
14259,14258,50
6965,4305,2
6975,4313,4
4313,6975,7
4313,6974,100
6974,4313,3
6979,4317,1
4317,6979,1
3001,3002,3
3002,3000,100
3000,3002,1
3001,3000,100
3000,3001,100
3011,3010,7
3010,3011,7
3010,3009,100
3009,3010,11
3009,3008,100
3008,3009,1
3008,3007,100
3007,3008,1
3007,3006,100
3020,3021,3
3021,3019,100
3021,3018,100
3018,3021,16
3020,3019,100
3019,3020,100
3020,3018,100
3018,3020,100
3019,3018,100
3018,3019,100
3033,3032,2
3032,3033,2
3033,3031,100
3031,3033,16
3033,3030,100
3030,3033,100
3033,3029,100
3029,3033,25
3033,3028,100
3033,3027,100
3027,3033,2
3033,3026,100
3026,3033,1
3033,3025,100
3025,3033,2
3032,3031,100
3031,3032,100
3032,3030,100
3030,3032,100
3032,3029,100
3029,3032,100
3032,3028,100
3028,3032,100
3032,3027,100
3027,3032,100
3032,3026,100
3026,3032,100
3032,3025,100
3025,3032,100
3031,3030,100
3030,3031,100
3031,3029,100
3029,3031,100
3031,3028,100
3028,3031,100
3031,3027,100
3027,3031,100
3031,3026,100
3026,3031,100
3031,3025,100
3025,3031,100
3030,3029,100
3029,3030,100
3030,3028,100
3028,3030,100
3030,3027,100
3027,3030,100
3030,3026,100
3026,3030,100
3030,3025,100
3025,3030,100
3029,3028,100
3028,3029,100
3029,3027,100
3027,3029,100
3029,3026,100
3026,3029,100
3029,3025,100
3025,3029,100
3028,3027,100
3027,3028,100
3028,3026,100
3026,3028,100
3028,3025,100
3025,3028,100
3027,3026,100
3026,3027,100
3027,3025,100
3025,3027,100
3026,3025,100
3025,3026,100
4372,4373,3
4373,4372,1
4372,4374,100
4372,4375,100
4375,4372,4
4372,4376,100
4376,4372,1
4372,4377,100
4373,4374,100
4374,4373,100
4373,4375,100
4375,4373,100
4373,4376,100
4376,4373,100
4373,4377,100
4377,4373,100
4374,4375,100
4375,4374,100
4374,4376,100
4376,4374,100
4374,4377,100
4377,4374,100
4375,4376,100
4376,4375,100
4375,4377,100
4377,4375,100
4376,4377,100
4377,4376,100
3040,3039,16
3039,3040,5
3040,3038,100
3038,3040,3
3040,3037,100
3037,3040,2
3039,3038,100
3038,3039,100
3039,3037,100
3037,3039,100
3038,3037,100
3037,3038,100
4381,4382,1
4382,4381,1
4387,4388,4
4388,4387,1
3054,3055,10
3055,3053,100
3053,3055,1
3054,3053,100
3053,3054,100
3048,3047,3
3047,3048,1
4394,4393,3
4397,4398,1
4398,4397,3
4397,4399,100
4399,4397,100
4398,4399,100
4399,4398,100
3063,3062,4
3062,3063,1
3071,3070,1
3070,3071,1
3073,3072,16
3072,3073,1
3081,3080,2
3080,3081,1
3088,3087,4
3087,3088,10
3088,3086,100
3088,3085,100
3085,3088,1
3088,3084,100
3084,3088,1
3087,3086,100
3086,3087,100
3087,3085,100
3085,3087,100
3087,3084,100
3084,3087,100
3086,3085,100
3085,3086,100
3086,3084,100
3084,3086,100
3085,3084,100
3084,3085,100
3091,3090,1
3090,3091,4
3098,3097,1
3097,3098,5
3098,3096,100
3096,3098,2
3097,3096,100
3096,3097,100
15608,15607,19
15607,15608,28
15608,15606,25
15606,15608,14
15607,15606,25
15606,15607,100
15606,15605,100
15605,15606,3
15617,15618,28
13097,13098,33
13098,13097,50
14374,13043,1
5701,5702,1
5702,5701,50
5701,5703,100
5703,5701,1
5701,5704,100
5704,5701,5
5702,5703,100
5703,5702,100
5702,5704,100
5704,5702,100
5703,5704,100
5704,5703,100
5710,5711,4
5711,5710,9
5710,5712,100
5712,5710,1
5711,5712,100
5712,5711,100
5728,5729,44
5729,5728,39
5724,5725,50
5725,5724,50
5724,5726,100
5726,5724,50
5725,5726,100
5726,5725,100
3109,3108,1
3108,3109,3
3109,3107,100
3107,3109,2
3108,3107,100
3107,3108,100
4451,5782,1
3123,3122,16
3122,3123,2
3123,3121,100
3121,3123,1
3123,3120,100
3120,3123,1
3122,3121,100
3121,3122,100
3122,3120,100
3120,3122,100
3122,3119,100
3119,3122,1
3121,3120,100
3120,3121,100
3121,3119,100
3119,3121,100
3121,3118,100
3118,3121,4
3120,3119,100
3119,3120,100
3120,3118,100
3118,3120,100
3120,3117,100
3117,3120,4
3119,3118,100
3118,3119,100
3119,3117,100
3117,3119,100
3119,3116,100
3116,3119,12
3119,3115,100
3115,3119,33
3119,3114,100
3114,3119,50
3119,3113,100
3113,3119,11
3118,3117,100
3117,3118,100
3118,3116,100
3116,3118,100
3118,3115,100
3115,3118,100
3118,3114,100
3114,3118,100
3118,3113,100
3113,3118,100
3117,3116,100
3116,3117,100
3117,3115,100
3115,3117,100
3117,3114,100
3114,3117,100
3117,3113,100
3113,3117,100
3116,3115,100
3115,3116,100
3116,3114,100
3114,3116,100
3116,3113,100
3113,3116,100
3115,3114,100
3114,3115,100
3115,3113,100
3113,3115,100
3114,3113,100
3113,3114,100
3131,3130,16
3130,3131,15
4475,4476,4
4476,4475,16
3141,3140,25
3140,3141,100
3156,3155,1
3155,3156,1
3156,3154,100
3154,3156,2
3156,3153,100
3153,3156,11
3155,3154,100
3154,3155,100
3155,3153,100
3153,3155,100
3154,3153,100
3153,3154,100
4491,4492,2
4492,4491,100
4495,4496,2
4496,4495,8
4495,4497,100
4497,4495,8
4495,4498,100
4498,4495,1
4496,4497,100
4497,4496,100
4496,4498,100
4498,4496,100
4497,4498,100
4498,4497,100
3161,3160,1
3158,3157,2
3177,3176,1
3176,3177,4
3177,3175,100
3175,3177,2
3177,3174,100
3177,3173,100
3173,3177,12
3177,3172,100
3172,3177,1
3176,3175,100
3175,3176,100
3176,3174,100
3174,3176,100
3176,3173,100
3173,3176,100
3176,3172,100
3172,3176,100
3175,3174,100
3174,3175,100
3175,3173,100
3173,3175,100
3175,3172,100
3172,3175,100
3174,3173,100
3173,3174,100
3174,3172,100
3172,3174,100
3173,3172,100
3172,3173,100
3188,3189,7
3189,3187,100
3187,3189,14
3189,3186,100
3189,3185,100
3189,3184,100
3184,3189,2
3189,3183,100
3183,3189,25
3188,3187,100
3187,3188,100
3188,3186,100
3186,3188,100
3188,3185,100
3185,3188,100
3188,3184,100
3184,3188,100
3188,3183,100
3183,3188,100
3187,3186,100
3186,3187,100
3187,3185,100
3185,3187,100
3187,3184,100
3184,3187,100
3187,3183,100
3183,3187,100
3187,3192,100
3192,3187,9
3187,3191,100
3191,3187,3
3187,3190,100
3190,3187,4
3186,3185,100
3185,3186,100
3186,3184,100
3184,3186,100
3186,3183,100
3183,3186,100
3186,3192,100
3192,3186,100
3186,3191,100
3191,3186,100
3186,3190,100
3190,3186,100
3185,3184,100
3184,3185,100
3185,3183,100
3183,3185,100
3185,3192,100
3192,3185,100
3185,3191,100
3191,3185,100
3185,3190,100
3190,3185,100
3184,3183,100
3183,3184,100
3184,3192,100
3192,3184,100
3184,3191,100
3191,3184,100
3184,3190,100
3190,3184,100
3183,3192,100
3192,3183,100
3183,3191,100
3191,3183,100
3183,3190,100
3190,3183,100
3192,3191,100
3191,3192,100
3192,3190,100
3190,3192,100
3191,3190,100
3190,3191,100
3191,3193,100
3193,3191,2
3190,3193,100
3193,3190,100
15725,15724,100
15724,15725,100
15725,15723,100
15723,15725,100
15724,15723,100
15723,15724,100
13197,13190,1
13169,13167,25
13167,13169,14
13167,13168,100
13168,13167,100
5805,5806,4
5806,5805,5
5805,5807,50
5807,5805,3
5805,5808,100
5808,5805,3
5805,5809,100
5809,5805,2
5806,5807,50
5807,5806,100
5806,5808,100
5808,5806,100
5806,5809,100
5809,5806,100
5807,5808,100
5808,5807,100
5807,5809,100
5809,5807,100
5808,5809,100
5809,5808,100
5802,5803,2
5803,5802,20
5817,5818,7
5818,5817,6
5817,5819,25
5819,5817,5
5817,5810,100
5810,5817,50
5817,5811,100
5811,5817,10
5817,5812,100
5812,5817,9
5817,5813,100
5813,5817,2
5817,5814,100
5814,5817,7
5817,5815,100
5815,5817,3
5818,5819,25
5819,5818,100
5818,5810,100
5810,5818,100
5818,5811,100
5811,5818,100
5818,5812,100
5812,5818,100
5818,5813,100
5813,5818,100
5818,5814,100
5814,5818,100
5818,5815,100
5815,5818,100
5819,5810,100
5810,5819,100
5819,5811,100
5811,5819,100
5819,5812,100
5812,5819,100
5819,5813,100
5813,5819,100
5819,5814,100
5814,5819,100
5819,5815,100
5815,5819,100
5810,5811,100
5811,5810,100
5810,5812,100
5812,5810,100
5810,5813,100
5813,5810,100
5810,5814,100
5814,5810,100
5810,5815,100
5815,5810,100
5810,5820,100
5820,5810,25
5811,5812,100
5812,5811,100
5811,5813,100
5813,5811,100
5811,5814,100
5814,5811,100
5811,5815,100
5815,5811,100
5811,5820,100
5820,5811,100
5812,5813,100
5813,5812,100
5812,5814,100
5814,5812,100
5812,5815,100
5815,5812,100
5812,5820,100
5820,5812,100
5813,5814,100
5814,5813,100
5813,5815,100
5815,5813,100
5813,5820,100
5820,5813,100
5814,5815,100
5815,5814,100
5814,5820,100
5820,5814,100
5815,5820,100
5820,5815,100
3211,3210,50
3210,3211,16
3206,3205,1
3205,3206,4
3206,3204,100
3204,3206,12
3205,3204,100
3204,3205,100
3220,3221,2
3221,3219,100
3219,3221,1
3221,3218,100
3218,3221,1
3220,3219,100
3219,3220,100
3220,3218,100
3218,3220,100
3219,3218,100
3218,3219,100
5894,4563,2
3229,3228,2
3228,3229,1
3229,3227,100
3227,3229,9
3229,3226,100
3226,3229,16
3229,3225,100
3225,3229,11
3228,3227,100
3227,3228,100
3228,3226,100
3226,3228,100
3228,3225,100
3225,3228,100
3227,3226,100
3226,3227,100
3227,3225,100
3225,3227,100
3226,3225,100
3225,3226,100
4570,4571,1
4571,4570,1
4570,4572,100
4572,4570,1
4571,4572,100
4572,4571,100
3244,3243,100
3243,3244,5
3237,3236,1
3237,3235,100
3235,3237,25
3237,3234,100
3234,3237,7
3236,3235,100
3235,3236,100
3236,3234,100
3234,3236,100
3235,3234,100
3234,3235,100
3254,3253,9
3254,3252,100
3252,3254,6
3254,3251,100
3251,3254,25
3254,3250,100
3250,3254,1
3253,3252,100
3252,3253,100
3253,3251,100
3251,3253,100
3253,3250,100
3250,3253,100
3252,3251,100
3251,3252,100
3252,3250,100
3250,3252,100
3251,3250,100
3250,3251,100
3251,3249,100
3249,3251,100
3250,3249,100
3249,3250,100
3247,3246,11
3246,3247,1
3247,3245,100
3245,3247,1
3246,3245,100
3245,3246,100
4590,4591,4
4591,4590,3
4590,4592,100
4592,4590,1
4590,4593,100
4593,4590,20
4590,4594,100
4594,4590,3
4590,4595,100
4590,4596,100
4596,4590,16
4591,4592,100
4592,4591,100
4591,4593,100
4593,4591,100
4591,4594,100
4594,4591,100
4591,4595,100
4595,4591,100
4591,4596,100
4596,4591,100
4592,4593,100
4593,4592,100
4592,4594,100
4594,4592,100
4592,4595,100
4595,4592,100
4592,4596,100
4596,4592,100
4593,4594,100
4594,4593,100
4593,4595,100
4595,4593,100
4593,4596,100
4596,4593,100
4594,4595,100
4595,4594,100
4594,4596,100
4596,4594,100
4595,4596,100
4596,4595,100
3258,3257,2
3257,3258,4
3258,3256,100
3256,3258,2
3257,3256,100
3256,3257,100
3277,3276,4
3271,3270,1
3269,3268,35
3268,3269,38
3288,3287,5
3287,3288,25
3288,3286,100
3286,3288,11
3288,3285,100
3285,3288,11
3287,3286,100
3286,3287,100
3287,3285,100
3285,3287,100
3286,3285,100
3285,3286,100
3290,3291,2
3295,3294,1
3295,3293,100
3293,3295,1
3295,3292,100
3294,3293,100
3293,3294,100
3294,3292,100
3292,3294,100
3293,3292,100
3292,3293,100
15912,15911,7
15911,15912,16
13289,13293,3
13293,13289,6
5906,5907,9
5907,5906,1
5906,5908,100
5908,5906,2
5906,5909,100
5909,5906,7
5907,5908,100
5908,5907,100
5907,5909,100
5909,5907,100
5908,5909,100
5909,5908,100
5915,5916,2
5916,5915,7
5912,5913,4
5913,5912,10
5912,5914,100
5914,5912,2
5913,5914,100
5914,5913,100
5926,5927,3
5927,5926,4
5937,4607,1
4607,5937,1
4618,5949,5
5949,4618,2
4622,5953,12
5953,4622,1
4627,5958,5
5958,4627,2
3306,3305,43
3305,3306,70
3306,3304,85
3304,3306,28
3306,3303,100
3303,3306,75
3305,3304,85
3304,3305,100
3305,3303,100
3303,3305,100
3304,3303,100
3303,3304,100
3321,3320,16
3320,3321,38
3321,3318,40
3318,3321,15
3321,3317,6
3321,3316,100
3320,3318,40
3318,3320,100
3320,3317,6
3317,3320,100
3320,3316,100
3316,3320,100
3318,3317,6
3317,3318,100
3318,3316,100
3316,3318,100
3317,3316,100
3316,3317,100
3331,3330,3
3330,3331,1
3327,3326,50
3326,3327,25
3327,3325,100
3325,3327,33
3326,3325,100
3325,3326,100
4671,4672,16
4672,4671,10
4671,4673,100
4673,4671,5
4671,4674,100
4674,4671,11
4672,4673,100
4673,4672,100
4672,4674,100
4674,4672,100
4673,4674,100
4674,4673,100
4669,4680,2
4680,4669,7
4669,4681,100
4681,4669,4
4680,4681,100
4681,4680,100
3351,3350,1
3350,3351,3
4676,4677,3
4677,4676,1
4676,4678,100
4678,4676,11
4676,4679,100
4679,4676,25
4677,4678,100
4678,4677,100
4677,4679,100
4679,4677,100
4678,4679,100
4679,4678,100
4688,4689,4
4689,4688,15
3371,3370,1
3383,2052,1
2070,2078,8
2078,2070,6
2070,2077,100
2077,2070,1
2070,2076,100
2076,2070,2
2070,2075,100
2070,2074,100
2074,2070,1
2070,2073,100
2073,2070,2
2070,2072,100
2072,2070,1
2070,2071,100
2071,2070,2
2070,2069,100
2078,2077,100
2077,2078,100
2078,2076,100
2076,2078,100
2078,2075,100
2075,2078,100
2078,2074,100
2074,2078,100
2078,2073,100
2073,2078,100
2078,2072,100
2072,2078,100
2078,2071,100
2071,2078,100
2078,2069,100
2069,2078,100
2077,2076,100
2076,2077,100
2077,2075,100
2075,2077,100
2077,2074,100
2074,2077,100
2077,2073,100
2073,2077,100
2077,2072,100
2072,2077,100
2077,2071,100
2071,2077,100
2077,2069,100
2069,2077,100
2077,2081,100
2081,2077,1
2077,2080,100
2076,2075,100
2075,2076,100
2076,2074,100
2074,2076,100
2076,2073,100
2073,2076,100
2076,2072,100
2072,2076,100
2076,2071,100
2071,2076,100
2076,2069,100
2069,2076,100
2076,2081,100
2081,2076,100
2076,2080,100
2080,2076,100
2075,2074,100
2074,2075,100
2075,2073,100
2073,2075,100
2075,2072,100
2072,2075,100
2075,2071,100
2071,2075,100
2075,2069,100
2069,2075,100
2075,2081,100
2081,2075,100
2075,2080,100
2080,2075,100
2074,2073,100
2073,2074,100
2074,2072,100
2072,2074,100
2074,2071,100
2071,2074,100
2074,2069,100
2069,2074,100
2074,2081,100
2081,2074,100
2074,2080,100
2080,2074,100
2073,2072,100
2072,2073,100
2073,2071,100
2071,2073,100
2073,2069,100
2069,2073,100
2073,2081,100
2081,2073,100
2073,2080,100
2080,2073,100
2072,2071,100
2071,2072,100
2072,2069,100
2069,2072,100
2072,2081,100
2081,2072,100
2072,2080,100
2080,2072,100
2072,2084,100
2072,2083,100
2083,2072,2
2072,2082,100
2082,2072,20
2071,2069,100
2069,2071,100
2071,2081,100
2081,2071,100
2071,2080,100
2080,2071,100
2071,2084,100
2084,2071,100
2071,2083,100
2083,2071,100
2071,2082,100
2082,2071,100
2069,2081,100
2081,2069,100
2069,2080,100
2080,2069,100
2069,2084,100
2084,2069,100
2069,2083,100
2083,2069,100
2069,2082,100
2082,2069,100
2081,2080,100
2080,2081,100
2081,2084,100
2084,2081,100
2081,2083,100
2083,2081,100
2081,2082,100
2082,2081,100
2080,2084,100
2084,2080,100
2080,2083,100
2083,2080,100
2080,2082,100
2082,2080,100
2084,2083,100
2083,2084,100
2084,2082,100
2082,2084,100
2084,2079,100
2083,2082,100
2082,2083,100
2083,2079,100
2079,2083,100
2082,2079,100
2079,2082,100
2090,2091,5
2095,2094,2
2094,2095,1
2095,2093,100
2093,2095,3
2094,2093,100
2093,2094,100
14656,15988,1
15988,14656,1
12001,13335,5
13335,12001,2
4707,4708,3
4708,4707,1
12062,13390,1
13390,12062,11
4716,4717,2
4717,4716,1
4728,4729,25
4729,4728,25
4722,4723,2
4723,4722,1
4732,4731,33
4731,4733,100
4733,4731,3
4731,4734,100
4734,4731,2
4732,4733,100
4733,4732,100
4732,4734,100
4734,4732,100
4732,4735,100
4735,4732,11
4733,4734,100
4734,4733,100
4733,4735,100
4735,4733,100
4733,4736,100
4736,4733,6
4734,4735,100
4735,4734,100
4734,4736,100
4736,4734,100
4734,4737,100
4737,4734,4
4735,4736,100
4736,4735,100
4735,4737,100
4737,4735,100
4736,4737,100
4737,4736,100
3415,3414,4
3414,3415,3
3411,3410,1
3410,3411,1
4743,4744,3
4760,4761,1
4760,4762,100
4762,4760,11
4761,4762,100
4762,4761,100
3428,3427,6
3427,3428,10
3428,3426,100
3426,3428,33
3428,3425,100
3425,3428,1
3428,3424,100
3424,3428,3
3428,3423,100
3423,3428,3
3427,3426,100
3426,3427,100
3427,3425,100
3425,3427,100
3427,3424,100
3424,3427,100
3427,3423,100
3423,3427,100
3426,3425,100
3425,3426,100
3426,3424,100
3424,3426,100
3426,3423,100
3423,3426,100
3425,3424,100
3424,3425,100
3425,3423,100
3423,3425,100
3424,3423,100
3423,3424,100
4756,4757,2
4757,4756,11
4756,4758,100
4758,4756,14
4757,4758,100
4758,4757,100
4757,4759,100
4759,4757,3
4758,4759,100
4759,4758,100
3441,3440,1
3440,3441,4
3440,3439,100
3439,3440,9
3439,3438,100
3438,3439,2
3438,3437,100
3437,3438,7
3434,2103,1
4763,4764,3
4780,4781,3
4781,4780,100
4780,4782,100
4782,4780,33
4780,4783,100
4783,4780,11
4781,4782,100
4782,4781,100
4781,4783,100
4783,4781,100
4782,4783,100
4783,4782,100
3450,3451,6
3445,2113,1
4775,4776,7
4776,4775,3
4775,4777,100
4777,4775,7
4776,4777,100
4777,4776,100
4793,4794,1
4794,4793,11
2128,2129,3
2128,2127,100
4786,4787,1
4787,4786,3
2144,3475,2
3475,2144,3
4796,4797,33
4797,4796,6
4796,4798,100
4798,4796,1
4797,4798,100
4798,4797,100
13521,3476,8
2159,2158,2
2158,2159,5
2158,2157,100
2157,2158,1
2157,2156,100
2156,2157,9
2175,2174,10
2174,2175,2
2169,2168,8
2168,2169,2
2188,2186,50
2188,2185,100
2185,2188,25
2188,2184,100
2187,2186,50
2186,2187,100
2187,2185,100
2185,2187,100
2187,2184,100
2184,2187,100
2186,2185,100
2185,2186,100
2186,2184,100
2184,2186,100
2185,2184,100
2184,2185,100
2190,2191,50
2197,2196,33
2196,2197,1
2197,2195,100
2195,2197,7
2196,2195,100
2195,2196,100
14828,14825,28
14825,14828,20
4805,4804,3
4804,4806,100
4806,4804,1
4804,4807,100
4807,4804,1
4805,4806,100
4806,4805,100
4805,4807,100
4807,4805,100
4806,4807,100
4807,4806,100
4816,4817,1
4817,4816,2
4810,4811,12
4811,4810,1
4810,4812,100
4812,4810,1
4811,4812,100
4812,4811,100
4826,4827,1
4827,4826,8
4823,4824,35
4824,4823,32
4823,4825,42
4825,4823,15
4824,4825,42
4825,4824,100
4839,3502,2
3512,3511,15
3511,3512,14
3512,3510,14
3511,3510,14
3510,3511,100
3530,3527,1
3527,3530,2
4851,4852,9
4852,4851,1
4870,4871,6
4871,4870,1
4870,4872,100
4872,4870,1
4871,4872,100
4872,4871,100
2204,3535,9
4881,4882,3
4882,4881,2
3552,2220,3
2220,3552,2
4875,4876,12
4876,4875,33
3561,3560,1
3560,3561,2
4887,4888,3
4888,4887,25
3572,2240,1
2239,2238,2
3590,2259,1
2275,2274,100
2274,2275,5
2268,2269,2
2268,2267,100
2285,2286,1
2282,2281,25
2282,2280,100
2280,2282,2
2281,2280,100
2280,2281,100
2279,2278,2
2278,2279,5
2298,2297,12
2294,2293,2
2293,2294,2
13622,14953,2
13603,14933,1
12219,12218,33
12218,12219,100
4906,4907,2
4907,4906,100
4917,4918,12
4918,4917,5
4925,4913,2
3622,3621,100
3621,3622,25
3622,3620,100
3620,3622,100
3621,3620,100
3620,3621,100