3638,4969,3
2304,2303,2
2304,2302,1
2304,2301,1
2304,2300,1
2303,2302,1
2303,2301,1
2303,2300,1
2302,2301,1
2302,2300,1
2301,2300,1
2309,3635,1
2316,2,1
2,2315,1
9,3642,5
3642,4973,1
4990,3660,2
3662,4993,1
2327,2326,1
2327,2325,1
2327,2324,1
2327,2323,1
2327,2322,1
2326,2325,1
2326,2324,1
2326,2323,1
2326,2322,1
2325,2324,2
2325,2323,1
2325,2322,1
2324,2323,1
2324,2322,1
2323,2322,1
3670,3671,1
3670,3672,1
3670,3673,1
3671,3672,1
3671,3673,1
3672,3673,1
2341,2340,1
2340,1008,1
1004,2335,4
1001,2332,1
3681,3682,1
3681,3683,1
3682,3683,3
3683,3684,1
1022,2353,2
2353,1021,2
2352,1020,1
1019,1018,1
1016,2347,3
1014,2345,3
2345,1013,1
1013,2344,3
2344,1012,2
3675,3676,1
3675,3677,1
3675,3678,1
3676,3677,1
3676,3678,1
3677,3678,1
3691,3692,1
3691,3693,1
3691,3694,1
3691,3695,1
3692,3693,1
3692,3694,1
3692,3695,1
3693,3694,1
3693,3695,1
3694,3695,1
1029,1028,1
2359,1027,1
1025,2356,1
2356,1024,1
3685,3686,1
3687,3688,1
3687,3689,1
3688,3689,12
2375,1043,7
1043,2374,2
2371,2370,1
2370,1039,1
1039,1038,1
2365,3696,1
2365,3697,1
2365,3698,1
2365,3699,1
3696,3697,2
3696,3698,1
3696,3699,1
3697,3698,1
3697,3699,1
3698,3699,1
1055,2386,1
1052,2383,4
2381,2380,1
1049,1048,2
1048,2379,1
2378,1046,3
1063,2394,4
1063,1062,1
2394,1062,3
1062,2393,1
1060,2391,2
2390,11108,1
1059,1058,1
1058,2389,1
1077,1076,6
1075,1074,2
1075,1073,1
1075,1072,1
1075,1071,1
1074,1073,7
1074,1072,2
1074,1071,1
1073,1072,3
1073,1071,1
1072,1071,2
1069,1068,1
1068,2399,1
2399,1067,3
1067,2398,3
1080,1088,1
1080,1087,1
1080,1086,1
1080,1085,1
1080,1084,1
1080,1083,1
1080,1082,1
1080,1081,1
1088,1087,1
1088,1086,1
1088,1085,1
1088,1084,1
1088,1083,1
1088,1082,1
1088,1081,1
1087,1086,1
1087,1085,1
1087,1084,1
1087,1083,1
1087,1082,1
1087,1081,1
1086,1085,3
1086,1084,1
1086,1083,1
1086,1082,1
1086,1081,1
1085,1084,1
1085,1083,1
1085,1082,1
1085,1081,1
1084,1083,1
1084,1082,1
1084,1081,1
1083,1082,5
1083,1081,1
1082,1081,3
1079,1078,1
1090,1099,1
1099,1098,1
1099,1097,1
1098,1097,1
1096,1095,1
1094,1093,1
1094,1092,1
1093,1092,1
13723,13724,1
11074,11073,1
11075,11078,1
3705,3706,1
3705,3707,1
3705,3708,1
3706,3707,1
3706,3708,1
3707,3708,1
3700,3701,1
3700,3702,1
3701,3702,1
3716,3717,1
3716,3718,1
3716,3719,1
3717,3718,1
3717,3719,1
3718,3719,1
3712,3713,1
3726,3727,1
3726,3728,1
3726,3729,1
3727,3728,1
3727,3729,1
3728,3729,1
3720,3721,1
3720,3722,1
3720,3723,1
3720,3724,1
3720,3725,1
3721,3722,1
3721,3723,1
3721,3724,1
3721,3725,1
3722,3723,1
3722,3724,1
3722,3725,1
3723,3724,1
3723,3725,1
3724,3725,1
11087,11086,1
2402,2401,1
2402,2400,1
2401,2400,1
3731,3732,1
11092,11091,1
2414,2413,1
2412,2411,1
3742,3743,1
3742,3744,1
3743,3744,1
2419,3745,1
3760,3761,1
3751,3752,2
3770,3771,1
2441,2440,2
2440,1107,1
1105,2436,2
1103,2434,1
3762,3763,1
3762,3764,1
3762,3765,1
3762,3766,1
3763,3764,1
3763,3765,1
3763,3766,1
3764,3765,1
3764,3766,1
3765,3766,1
3780,3781,1
3782,3783,1
2446,1114,1
2445,1113,1
3773,3774,1
3773,3775,1
3773,3776,1
3773,3777,1
3773,3778,1
3773,3779,1
3774,3775,1
3774,3776,1
3774,3777,1
3774,3778,1
3774,3779,1
3775,3776,1
3775,3777,1
3775,3778,1
3775,3779,1
3776,3777,1
3776,3778,1
3776,3779,1
3777,3778,1
3777,3779,1
3778,3779,1
3790,3791,1
3790,3792,1
3791,3792,1
3794,1132,1
2463,1131,1
2461,2460,4
1127,2458,1
2458,1126,1
1124,2455,1
3784,3785,1
3784,3786,1
3784,3787,1
3784,3788,1
3784,3789,1
3785,3786,1
3785,3787,1
3785,3788,1
3785,3789,1
3786,3787,1
3786,3788,1
3786,3789,1
3787,3788,1
3787,3789,1
3788,3789,1
1143,2474,29
2471,2470,1
1138,2469,1
3795,3796,1
3797,3798,1
2481,2480,1
1149,1148,1
1146,2477,5
1145,2476,1
2476,1144,4
1165,2496,1
2495,1163,2
2493,1161,3
2491,2490,1
1159,1158,1
1158,2489,1
1176,1175,1
1176,1174,1
1175,1174,1
1173,1172,1
1171,1170,1
1171,1169,1
1171,1168,1
1170,1169,1
1170,1168,1
1169,1168,1
1185,1184,1
1184,1183,1
1183,1182,2
1183,1181,1
1182,1181,2
1179,1178,1
1179,1177,1
1178,1177,1
13892,11230,1
1196,1195,1
1194,1193,1
1194,1192,1
1194,1191,1
1193,1192,1
1193,1191,1
1192,1191,1
1189,1188,1
11218,11217,1
11184,11183,1
10,11,12
11,11191,1
11191,12,2
20,21,1
20,22,1
21,22,1
23,12491,4
11160,25,1
25,26,2
31,32,185
32,33,6
33,34,2
33,35,1
34,35,1
11171,36,1
37,11173,1
37,38,1
11173,38,14
38,11172,1
38,39,1
11172,39,4
39,11175,16
11179,11178,1
40,41,32
40,42,3
40,43,1
40,44,1
40,45,1
40,46,1
41,42,30
41,43,1
41,44,1
41,45,1
41,46,1
42,43,4
42,44,2
42,45,2
42,46,1
43,44,4
43,45,2
43,46,1
44,45,23
44,46,1
45,46,1
46,47,1
46,48,1
47,48,274
48,11140,11
49,12473,10
55,56,7
57,58,1
58,59,2
60,11157,1
65,66,24
65,67,1
65,68,1
66,67,1
66,68,1
67,68,45
67,69,1
68,69,1
77,78,3
77,79,1
78,79,26
88,89,15
89,90,1
89,91,1
89,92,1
89,93,1
89,94,1
89,95,1
89,96,1
89,97,1
89,98,1
89,99,1
90,91,1
90,92,1
90,93,1
90,94,1
90,95,1
90,96,1
90,97,1
90,98,1
90,99,1
91,92,1
91,93,1
91,94,1
91,95,1
91,96,1
91,97,1
91,98,1
91,99,1
92,93,1
92,94,1
92,95,1
92,96,1
92,97,1
92,98,1
92,99,1
93,94,2
93,95,1
93,96,1
93,97,1
93,98,1
93,99,1
94,95,3
94,96,1
94,97,1
94,98,1
94,99,1
95,96,12
95,97,1
95,98,1
95,99,1
96,97,1
96,98,1
96,99,1
97,98,2
97,99,1
98,99,1
3803,3804,1
3805,3806,1
3815,3816,1
3815,3817,1
3815,3818,1
3815,3819,1
3816,3817,1
3816,3818,1
3816,3819,1
3817,3818,1
3817,3819,1
3818,3819,1
3811,3812,1
3826,3827,1
3827,3828,1
3820,3821,1
3820,3822,1
3820,3823,1
3821,3822,1
3821,3823,1
3822,3823,1
2514,3848,2
3848,2513,1
2512,2511,2
2512,2510,1
2511,2510,1
3840,3841,1
3845,2516,2
3858,2525,1
3859,2524,1
2524,2523,9
2524,2522,1
2524,2521,1
2523,2522,1
2523,2521,1
2522,2521,1
3851,3852,1
3851,3853,1
3851,3854,1
3852,3853,1
3852,3854,1
3853,3854,2
3854,2529,1
2527,3857,1
2535,1203,1
2532,1200,1
2531,2530,1
3861,3862,1
3863,3864,1
1209,3866,1
3881,3882,1
3882,1220,2
3873,3874,1
3873,3875,1
3874,3875,1
3878,1218,1
3890,3891,1
3890,3892,1
3890,3893,1
3891,3892,2
3891,3893,1
3892,3893,1
2560,1228,1
2554,1222,1
1221,2552,1
3883,3884,1
3885,3886,1
3885,3887,1
3886,3887,1
1232,2563,1
3895,3896,2
3895,3897,1
3895,3898,1
3895,3899,1
3896,3897,1
3896,3898,1
3896,3899,1
3897,3898,1
3897,3899,1
3898,3899,1
1253,2584,1
2583,1251,1
2581,2580,4
1246,2577,1
2592,1260,2
1259,1258,5
1257,2588,3
1275,1274,1
1273,1272,6
1273,1271,1
1273,1270,1
1273,1269,1
1273,1268,1
1272,1271,1
1272,1270,1
1272,1269,1
1272,1268,1
1271,1270,1
1271,1269,1
1271,1268,1
1270,1269,1
1270,1268,1
1269,1268,1
1265,2596,2
2596,1286,2
1284,1283,2
1284,1282,1
1284,1281,1
1284,1280,1
1284,1279,1
1284,1278,1
1284,1277,1
1283,1282,1
1283,1281,1
1283,1280,1
1283,1279,1
1283,1278,1
1283,1277,1
1282,1281,4
1282,1280,1
1282,1279,1
1282,1278,1
1282,1277,1
1281,1280,3
1281,1279,1
1281,1278,1
1281,1277,1
1280,1279,1
1280,1278,1
1280,1277,1
1279,1278,4
1279,1277,1
1278,1277,1
1276,1297,1
1296,1295,7
1294,1293,1
1291,1290,2
1291,1289,1
1291,1288,1
1291,1287,1
1290,1289,1
1290,1288,1
1290,1287,1
1289,1288,1
1289,1287,1
1288,1287,1
1299,1298,1
11298,11297,1
11298,11299,1
11297,11299,1
11274,11273,1
3903,3904,3
3905,3906,1
3905,3907,1
3905,3908,1
3905,3909,1
3906,3907,3
3906,3908,2
3906,3909,1
3907,3908,4
3907,3909,1
3908,3909,1
3916,3917,1
3916,3918,1
3917,3918,1
3911,3912,1
3924,3925,1
3924,3926,1
3924,3927,1
3925,3926,2
3925,3927,1
3926,3927,1
3921,3922,1
3921,3923,1
3922,3923,1
2602,3936,1
2614,3946,1
2622,2621,1
2622,2620,1
2621,2620,1
3950,3951,1
3950,3952,1
3951,3952,1
2633,1301,1
1309,3964,1
3964,1308,1
1308,2639,2
2638,3966,2
3981,2650,1
2641,2640,1
3972,3973,1
3972,3974,1
3972,3975,1
3973,3974,1
3973,3975,1
3974,3975,1
1318,2649,1
2649,3977,1
3991,3992,1
1330,2661,2
1327,2658,1
3982,3983,1
3984,3985,1
3984,3986,1
3985,3986,1
1329,3988,1
2671,2670,1
1333,2664,1
2664,1332,8
1332,2663,3
3993,3994,2
3993,3995,2
3994,3995,19
3996,3997,1
2681,2680,1
1344,2675,4
1361,2692,3
2692,1360,3
2691,2690,1
1359,1358,1
2685,1353,1
1374,1373,1
1374,1372,1
1374,1371,1
1374,1370,1
1373,1372,1
1373,1371,1
1373,1370,1
1372,1371,1
1372,1370,1
1371,1370,3
1385,1384,74
1385,1383,1
1385,1382,1
1385,1381,1
1385,1380,1
1385,1379,1
1385,1378,1
1385,1377,1
1385,1376,1
1385,1375,1
1384,1383,2
1384,1382,1
1384,1381,1
1384,1380,1
1384,1379,1
1384,1378,1
1384,1377,1
1384,1376,1
1384,1375,1
1383,1382,1
1383,1381,1
1383,1380,1
1383,1379,1
1383,1378,1
1383,1377,1
1383,1376,1
1383,1375,1
1382,1381,1
1382,1380,1
1382,1379,1
1382,1378,1
1382,1377,1
1382,1376,1
1382,1375,1
1381,1380,1
1381,1379,1
1381,1378,1
1381,1377,1
1381,1376,1
1381,1375,1
1380,1379,112
1380,1378,80
1380,1377,1
1380,1376,1
1380,1375,1
1379,1378,158
1379,1377,1
1379,1376,1
1379,1375,1
1378,1377,1
1378,1376,1
1378,1375,1
1377,1376,2
1377,1375,1
1376,1375,2
1396,1395,2
1394,1393,12
1393,1392,3
1391,1390,1
1391,1389,1
1391,1388,1
1391,1387,1
1390,1389,1
1390,1388,1
1390,1387,1
1389,1388,1
1389,1387,1
1388,1387,1
1399,1398,1
1399,1397,1
1398,1397,1
10149,10148,1
10109,12768,1
11409,11408,1
10099,10098,1
10082,10081,1
10084,10083,1
2702,2701,1
2709,2708,2
2709,2707,1
2708,2707,1
2706,2705,1
2706,2704,1
2706,2703,1
2705,2704,1
2705,2703,1
2704,2703,1
2713,2712,2
2719,2718,1
2719,2717,1
2719,2716,1
2718,2717,1
2718,2716,1
2717,2716,1
2715,2714,1
2722,2721,1
2720,2729,3
2729,2728,1
2729,2727,1
2728,2727,1
2726,2725,1
1400,2731,1
2731,2730,1
1409,1408,1
2746,1414,1
2741,2740,1
1419,1418,1
2749,1417,1
1417,2748,3
2751,2750,1
1429,1428,1
2767,1435,3
1444,2775,3
2775,1443,1
12832,12833,1
1473,1472,1
1473,1471,1
1472,1471,1
1484,1483,1
1484,1482,1
1483,1482,2
1481,1480,4
1495,1494,1
1495,1493,1
1495,1492,1
1494,1493,2
1494,1492,1
1493,1492,1
1498,1497,13
1498,1496,1
1497,1496,1
12803,12804,1
11571,11570,1
12850,12851,1
10196,10195,1
10174,10173,1
10185,10184,2
11481,11480,1
2803,2802,1
2812,2811,1
2812,2810,1
2811,2810,1
2814,2813,15
2823,2822,1
2821,2820,1
2829,2828,1
2829,2827,1
2829,2826,1
2829,2825,1
2829,2824,1
2828,2827,1
2828,2826,1
2828,2825,1
2828,2824,1
2827,2826,8
2827,2825,3
2827,2824,1
2826,2825,3
2826,2824,1
2825,2824,1
1503,2834,3
2831,2830,1
1508,2839,1
1513,2844,1
1519,1518,12
1525,2856,1
2856,1524,2
1520,2851,39
1520,2850,1
2851,2850,1
1529,1528,1
1527,2858,2
2870,1536,1
2861,2860,2
2881,2880,1
2880,1547,1
1549,1548,1
1548,2879,2
2891,2890,2
1557,2888,2
2888,1556,2
1572,1571,1
1572,1570,1
1572,1569,1
1571,1570,1
1571,1569,1
1570,1569,28
1564,2895,1
1562,2893,1
1583,1582,1
1583,1581,1
1583,1580,1
1582,1581,1
1582,1580,1
1581,1580,2
12952,1594,1
1594,1593,1
1594,1592,1
1594,1591,1
1594,1590,1
1593,1592,2
1593,1591,1
1593,1590,1
1592,1591,4
1592,1590,1
1591,1590,2
1585,1584,2
12960,12961,1
1598,11607,1
1595,11608,1
11601,11600,1
12942,12943,1
12920,12921,1
12902,12903,1
10387,10386,1
11681,11680,1
10369,10368,1
12982,12983,4
2904,2903,1
2904,2902,1
2904,2901,1
2903,2902,1
2903,2901,1
2902,2901,4
2911,2910,4
2917,2916,1
2915,2914,1
2914,2913,1
2922,2921,1
2922,2920,1
2921,2920,1
2924,2923,1
10283,1602,1
1602,2933,1
2932,1600,2
2932,2931,1
1600,2931,1
1603,2934,1
1612,2943,1
2941,2940,1
1619,1618,1
1620,2951,1
2951,2950,1
1629,1628,3
1627,2958,1
2958,1626,1
2957,1625,1
2961,2960,2
1639,1638,1
1638,2969,1
2974,1642,1
2971,2970,1
2991,2990,1
2988,1656,1
2987,1655,9
2983,1651,1
2981,1659,1
1659,1658,3
1671,1670,1
2998,1666,1
1666,2997,1
1682,1681,1
1682,1680,1
1681,1680,5
1679,1678,2
1679,1677,1
1679,1676,1
1679,1675,1
1679,1674,1
1679,1673,1
1679,1672,1
1678,1677,2
1678,1676,1
1678,1675,1
1678,1674,1
1678,1673,1
1678,1672,1
1677,1676,1
1677,1675,1
1677,1674,1
1677,1673,1
1677,1672,1
1676,1675,6
1676,1674,1
1676,1673,1
1676,1672,1
1675,1674,1
1675,1673,1
1675,1672,1
1674,1673,2
1674,1672,1
1673,1672,1
1692,1691,1
1692,1690,1
1692,1689,1
1692,1688,1
1692,1687,1
1691,1690,1
1691,1689,1
1691,1688,1
1691,1687,1
1690,1689,1
1690,1688,1
1690,1687,1
1689,1688,2
1689,1687,1
1688,1687,1
1686,1685,15
1686,1684,2
1686,1683,1
1685,1684,4
1685,1683,1
1684,1683,1
1697,10419,2
10419,1696,3
1695,1694,1
11708,11707,1
11715,11714,1
10491,10490,8
10495,10494,1
10499,10498,35
10473,10472,1
10477,10476,1
10476,10479,1
10479,10478,1
10480,10482,1
10480,10481,1
10482,10481,1
10484,10483,6
10486,10485,1
10459,10458,1
10469,10462,1
10439,10438,1
10449,10440,1
10442,11773,1
1709,1708,2
1709,1707,1
1708,1707,1
1706,1705,1
1704,1703,1
1704,1702,1
1703,1702,2
1712,1711,1
1712,1710,1
1711,1710,1
1716,1715,1
1714,1713,2
1722,1721,1
1722,1720,1
1721,1720,1
1729,1728,1
1728,1727,1
1726,1725,1
1734,1733,1
1731,1730,1
1739,1738,1
1739,1737,1
1739,1736,1
1739,1735,1
1738,1737,1
1738,1736,1
1738,1735,1
1737,1736,1
1737,1735,1
1736,1735,2
1745,1744,1
1745,1743,1
1744,1743,1
1742,1741,1
1742,1740,1
1741,1740,1
1749,1748,1
1747,1746,1
1756,1755,3
1756,1754,1
1756,1753,1
1756,1752,1
1756,1751,1
1755,1754,1
1755,1753,1
1755,1752,1
1755,1751,1
1754,1753,1
1754,1752,1
1754,1751,1
1753,1752,1
1753,1751,1
1752,1751,1
1759,1758,2
1759,1757,1
1758,1757,1
1767,1766,1
1767,1765,1
1767,1764,1
1767,1763,1
1767,1762,1
1767,1761,1
1767,1760,1
1767,1769,1
1767,1768,1
1766,1765,1
1766,1764,1
1766,1763,1
1766,1762,1
1766,1761,1
1766,1760,1
1766,1769,1
1766,1768,1
1765,1764,1
1765,1763,1
1765,1762,1
1765,1761,1
1765,1760,1
1765,1769,1
1765,1768,1
1764,1763,5
1764,1762,2
1764,1761,1
1764,1760,1
1764,1769,1
1764,1768,1
1763,1762,3
1763,1761,1
1763,1760,1
1763,1769,1
1763,1768,1
1762,1761,1
1762,1760,1
1762,1769,1
1762,1768,1
1761,1760,3
1761,1769,2
1761,1768,2
1760,1769,2
1760,1768,2
1769,1768,3
1781,1780,1
1781,1778,1
1781,1777,1
1781,1776,1
1780,1778,1
1780,1777,1
1780,1776,1
1778,1777,3
1778,1776,1
1777,1776,1
1775,1774,2
1775,1773,1
1775,1772,1
1775,1771,1
1774,1773,1
1774,1772,1
1774,1771,1
1773,1772,1
1773,1771,1
1772,1771,1
1792,1791,1
1792,1790,1
1791,1790,2
1789,1788,1
1789,1787,1
1789,1786,1
1789,1785,1
1789,1784,1
1788,1787,1
1788,1786,1
1788,1785,1
1788,1784,1
1787,1786,1
1787,1785,1
1787,1784,1
1786,1785,2
1786,1784,1
1785,1784,2
1784,1783,1
1783,1782,1
1797,1796,1
1796,1795,1
1795,1794,25
10549,10548,1
11841,11840,1
10505,11836,1
11805,11804,1
11812,11811,1
11814,11813,1
11816,11815,1
11818,11817,1
10594,10593,1
10594,10596,1
10594,10595,1
10593,10596,1
10593,10595,1
10596,10595,1
10571,10574,1
10574,10573,1
10574,10576,1
10574,10575,1
10573,10576,2
10573,10575,1
10576,10575,1
10589,10588,1
1807,1806,1
1807,1805,1
1807,1804,1
1807,1803,1
1807,1802,1
1807,1801,1
1806,1805,1
1806,1804,1
1806,1803,1
1806,1802,1
1806,1801,1
1805,1804,3
1805,1803,1
1805,1802,1
1805,1801,1
1804,1803,1
1804,1802,1
1804,1801,1
1803,1802,1
1803,1801,1
1802,1801,1
1811,1810,1
1819,1818,145
1819,1817,2
1819,1816,1
1818,1817,2
1818,1816,1
1817,1816,1
1815,1814,4
1815,1813,1
1815,1812,1
1814,1813,7
1814,1812,1
1813,1812,1
1822,1821,1
1822,1820,1
1821,1820,1
1820,1829,2
1829,1828,1
1829,1827,1
1829,1826,1
1829,1825,1
1828,1827,1
1828,1826,1
1828,1825,1
1827,1826,1
1827,1825,1
1826,1825,17
1824,1823,1
1833,1832,1
1832,1831,2
1832,1830,1
1831,1830,1
1839,1838,1
1839,1837,1
1839,1836,1
1838,1837,1
1838,1836,1
1837,1836,2
1835,1834,1
1844,1843,1
1844,1842,1
1844,1841,1
1844,1840,1
1843,1842,1
1843,1841,1
1843,1840,1
1842,1841,6
1842,1840,1
1841,1840,1
1849,1848,1
1847,1846,3
1847,1845,1
1846,1845,1
1855,1854,3
1853,1852,1
1853,1851,1
1853,1850,1
1852,1851,1
1852,1850,1
1851,1850,1
1859,1858,1
1859,1857,1
1859,1856,1
1858,1857,1
1858,1856,1
1857,1856,1
1866,1865,1
1866,1864,1
1865,1864,27
1863,1862,1
1861,1860,6
1869,1868,2
1868,1867,1
1867,1880,3
1877,1876,3
1877,1875,1
1877,1874,1
1877,1873,1
1876,1875,1
1876,1874,1
1876,1873,1
1875,1874,2
1875,1873,1
1874,1873,1
1872,1871,1
1872,1870,1
1871,1870,1
1879,1878,1
1890,1888,1
1887,1886,1
1887,1885,1
1887,1884,1
1887,1883,1
1886,1885,1
1886,1884,1
1886,1883,1
1885,1884,1
1885,1883,1
1884,1883,1
1882,1881,1
1898,1897,1
1897,1896,2
1894,1893,1
1894,1892,1
1893,1892,1
10659,10658,1
10639,10638,2
10619,10618,1
11931,11930,1
10695,10694,1
10697,10696,1
10679,10678,1
10682,10681,1
1909,1908,2
1909,1907,1
1909,1906,1
1909,1905,1
1908,1907,1
1908,1906,1
1908,1905,1
1907,1906,1
1907,1905,1
1906,1905,1
1903,1902,1
1903,1901,1
1903,1900,1
1902,1901,1
1902,1900,1
1901,1900,1
1916,1915,2
1916,1914,1
1916,1913,1
1916,1912,1
1916,1911,1
1915,1914,1
1915,1913,1
1915,1912,1
1915,1911,1
1914,1913,1
1914,1912,1
1914,1911,1
1913,1912,1
1913,1911,1
1912,1911,1
1921,1920,1
1927,1926,1
1927,1925,1
1927,1924,1
1926,1925,1
1926,1924,1
1925,1924,4
1923,1922,1
1932,1931,1
1932,1930,1
1931,1930,1
1930,1939,2
1939,1938,1
1938,1937,1
1938,1936,1
1938,1935,1
1937,1936,1
1937,1935,1
1936,1935,1
1943,1942,1
1941,1940,1
1949,1948,1
1946,1945,1
1946,1944,1
1945,1944,1
1954,1953,1
1954,1952,1
1953,1952,1
1959,1958,1
1959,1957,1
1958,1957,1
1956,1955,1
1964,1963,1
1961,1960,1
1969,1968,1
1969,1967,1
1968,1967,1
1966,1976,1
11900,1975,1
1975,1974,1
1978,1977,1
11908,11907,1
1989,1988,1
1998,1997,1
1998,1996,1
1998,1995,1
1998,1994,1
1998,1993,1
1998,1992,1
1997,1996,1
1997,1995,1
1997,1994,1
1997,1993,1
1997,1992,1
1996,1995,1
1996,1994,1
1996,1993,1
1996,1992,1
1995,1994,1
1995,1993,1
1995,1992,1
1994,1993,1
1994,1992,1
1993,1992,1
9014,9015,1
9010,9011,21
9037,9034,1
9038,9039,1
9041,9042,1
9065,9066,5
9063,9064,1
9076,9077,1
9074,9075,1
10783,10782,1
9081,9082,1
9085,9086,1
10756,10755,1
10758,10757,1
9090,9091,1
10765,10764,1
10738,10737,1
10732,10731,1
10747,10746,1
10741,10740,1
10743,10742,1
10712,10711,1
10712,10714,1
10712,10713,1
10711,10714,1
10711,10713,1
10714,10713,1
10718,10717,1
10725,10724,1
10727,10726,1
10721,10720,1
10798,10797,2
9100,9101,1
9106,9107,1
10701,10700,1
10707,10706,1
9122,9123,1
9160,9161,1
9177,9178,1
9195,9196,3
10871,10870,1
10888,10887,1
10884,10883,1
10851,10850,3
10866,10865,1
10831,10830,1
10842,10841,1
9205,9206,1
10808,10807,6
10812,10815,1
10815,10814,1
10817,10816,1
9234,9235,1
10819,10818,1
10824,10823,1
9241,9242,1
10802,10801,1
10806,10805,1
9281,9282,1
9281,9280,1
9282,9280,1
9283,9284,1
9298,9299,1
9290,9291,1
10996,10995,1
10976,10975,1
10972,10971,1
10972,10974,1
10972,10973,1
10971,10974,1
10971,10973,1
10974,10973,1
10956,10955,1
10956,10958,1
10956,10957,1
10955,10958,1
10955,10957,1
10958,10957,1
10965,10964,1
10969,10968,1
9322,9323,1
9326,9327,1
10944,10947,1
10941,10940,1
10914,10913,1
10916,10915,1
10925,10924,1
9383,8068,1
8073,8074,1
8088,8089,1
8084,8085,1
8093,8094,1
8091,8092,1
8149,8147,1
8171,8174,1
8171,8175,1
8171,8172,1
8171,8173,1
8174,8175,1
8174,8172,1
8174,8173,1
8175,8172,1
8175,8173,1
8172,8173,1
8192,8193,1
8196,8197,1
9500,9501,1
9501,9510,12
9501,9513,1
9510,9513,3
9508,9509,1
9521,9524,1
9521,9525,1
9521,9522,1
9521,9523,1
9524,9525,1
9524,9522,1
9524,9523,1
9525,9522,1
9525,9523,1
9522,9523,1
9517,9518,1
9570,8239,1
8288,8289,1
8282,8283,1
8291,8292,1
9605,9606,1
9617,9614,1
9643,8313,1
8329,8327,1
7059,7058,1
7077,7076,1
7093,7092,1
100,101,3
101,102,6
102,103,1
102,104,1
102,105,1
102,106,1
102,107,1
103,104,4
103,105,1
103,106,1
103,107,1
104,105,2
104,106,1
104,107,1
105,106,1
105,107,1
106,107,3
110,111,5
111,112,3
111,113,1
111,114,1
111,115,1
111,116,1
111,117,1
111,118,1
112,113,7
112,114,1
112,115,1
112,116,1
112,117,1
112,118,1
113,114,2
113,115,1
113,116,1
113,117,1
113,118,1
114,115,1
114,116,1
114,117,1
114,118,1
115,116,2
115,117,1
115,118,1
116,117,12
116,118,1
117,118,4
9737,119,1
120,121,2
120,122,1
120,123,1
120,124,1
120,125,1
120,126,1
120,127,1
120,128,1
120,129,1
121,122,1
121,123,1
121,124,1
121,125,1
121,126,1
121,127,1
121,128,1
121,129,1
122,123,1
122,124,1
122,125,1
122,126,1
122,127,1
122,128,1
122,129,1
123,124,3
123,125,1
123,126,1
123,127,1
123,128,1
123,129,1
124,125,1
124,126,1
124,127,1
124,128,1
124,129,1
125,126,2
125,127,1
125,128,1
125,129,1
126,127,2
126,128,1
126,129,1
127,128,5
127,129,1
128,129,3
130,131,1
130,132,1
130,133,1
131,132,1
131,133,1
132,133,1
134,135,1
134,136,1
135,136,1
137,138,1
137,139,1
138,139,1
141,142,2
141,143,1
141,144,1
141,145,1
141,146,1
141,147,1
141,148,1
141,149,1
142,143,1
142,144,1
142,145,1
142,146,1
142,147,1
142,148,1
142,149,1
143,144,1
143,145,1
143,146,1
143,147,1
143,148,1
143,149,1
144,145,1
144,146,1
144,147,1
144,148,1
144,149,1
145,146,1
145,147,1
145,148,1
145,149,1
146,147,1
146,148,1
146,149,1
147,148,1
147,149,1
148,149,2
9787,150,1
153,154,1
153,155,1
154,155,1
155,156,6
156,157,3
156,158,1
156,159,1
157,158,5
157,159,3
158,159,11
165,166,99
165,167,35
166,167,85
167,168,3
168,169,2
169,7129,2
8478,170,4
170,171,9
170,172,1
171,172,1
176,177,7
176,178,1
177,178,1
178,179,8
179,7139,1
180,181,1
180,182,1
180,183,1
181,182,1
181,183,1
182,183,1
8483,185,1
187,188,1
188,189,1
190,191,16
192,193,2
192,194,1
193,194,1
198,199,15
199,7176,1
7189,7188,1
7183,7182,1
7198,7197,1
7198,7199,1
7197,7199,1
7196,7195,1
9807,9808,1
9816,9817,1
200,201,3
201,202,1
201,203,1
201,204,1
201,205,1
201,206,1
202,203,1
202,204,1
202,205,1
202,206,1
203,204,3
203,205,1
203,206,1
204,205,3
204,206,1
205,206,4
208,9823,4
210,211,2
210,212,1
210,213,1
210,214,1
210,215,1
211,212,1
211,213,1
211,214,1
211,215,1
212,213,1
212,214,1
212,215,1
213,214,1
213,215,1
214,215,1
216,217,1
220,221,2
220,222,1
220,223,1
220,224,1
221,222,1
221,223,1
221,224,1
222,223,1
222,224,1
223,224,1
224,225,1
225,226,6
225,227,1
226,227,1
230,231,1
232,233,1
232,234,1
232,235,1
232,236,1
232,237,1
232,238,1
232,239,1
233,234,3
233,235,1
233,236,1
233,237,1
233,238,1
233,239,1
234,235,24
234,236,8
234,237,1
234,238,1
234,239,1
235,236,23
235,237,2
235,238,1
235,239,1
236,237,52
236,238,1
236,239,1
237,238,1
237,239,1
238,239,1
240,241,1
240,242,1
241,242,1
243,244,9
243,245,4
244,245,5
246,247,2
246,248,1
246,249,1
247,248,2
247,249,2
248,249,11
251,252,1
251,253,1
252,253,1
254,255,1
255,256,22
255,257,1
255,258,1
255,259,1
256,257,1
256,258,1
256,259,1
257,258,2
257,259,1
258,259,27
262,263,1
263,264,1
263,265,1
263,266,1
263,267,1
264,265,5
264,266,1
264,267,1
265,266,2
265,267,1
266,267,3
266,268,1
267,268,2
268,269,1
7228,7227,1
270,271,680
275,276,4
275,277,1
275,278,1
275,279,1
276,277,1
276,278,1
276,279,1
277,278,1
277,279,1
278,279,5
7239,7238,1
7256,7259,1
280,281,3
280,282,1
281,282,4
286,287,3
288,289,2
290,291,1
290,292,1
290,293,1
291,292,1
291,293,1
292,293,1
297,298,1
297,299,1
298,299,1
7288,7287,1
7297,7296,1
7293,7292,1
16057,16056,6
16032,16031,1
16049,16011,2
16049,16010,2
16011,16010,651
16011,16015,5
16010,16015,7
16014,16013,1
16014,16012,1
16013,16012,1
16012,16019,1
16017,16016,2
9908,9909,1
9902,9903,1
9906,9907,1
9915,9916,1
300,301,1
300,302,1
301,302,2
303,304,1
303,305,1
304,305,1
9941,310,1
310,311,4
310,312,1
310,313,1
310,314,1
310,315,1
310,316,1
311,312,14
311,313,2
311,314,1
311,315,1
311,316,1
312,313,8
312,314,1
312,315,1
312,316,1
313,314,2
313,315,1
313,316,1
314,315,33
314,316,1
315,316,1
320,321,1
322,323,2
322,324,1
322,325,1
322,326,1
322,327,1
323,324,1
323,325,1
323,326,1
323,327,1
324,325,2
324,326,1
324,327,1
325,326,1
325,327,1
326,327,1
16094,16093,1
331,332,35
331,333,1
331,334,1
331,335,1
331,336,1
331,337,1
331,338,1
332,333,1
332,334,1
332,335,1
332,336,1
332,337,1
332,338,1
333,334,3
333,335,1
333,336,1
333,337,1
333,338,1
334,335,1
334,336,1
334,337,1
334,338,1
335,336,1
335,337,1
335,338,1
336,337,2
336,338,1
337,338,9
340,341,7
340,342,1
340,343,1
340,344,1
340,345,1
340,346,1
340,347,1
341,342,7
341,343,1
341,344,1
341,345,1
341,346,1
341,347,1
342,343,1
342,344,1
342,345,1
342,346,1
342,347,1
343,344,1
343,345,1
343,346,1
343,347,1
344,345,4
344,346,1
344,347,1
345,346,5
345,347,1
346,347,7
347,348,1
348,349,3
350,351,1
351,352,9
351,353,1
351,354,1
351,355,1
351,356,1
351,357,1
351,358,1
351,359,1
352,353,1
352,354,1
352,355,1
352,356,1
352,357,1
352,358,1
352,359,1
353,354,2
353,355,1
353,356,1
353,357,1
353,358,1
353,359,1
354,355,1
354,356,1
354,357,1
354,358,1
354,359,1
355,356,1
355,357,1
355,358,1
355,359,1
356,357,1
356,358,1
356,359,1
357,358,1
357,359,1
358,359,1
361,362,7
361,363,1
361,364,1
362,363,2
362,364,1
363,364,2
364,365,1
365,366,1
367,368,10
367,369,1
368,369,1
7326,7329,1
370,371,31
372,373,1
372,374,1
372,375,1
373,374,1
373,375,1
374,375,2
376,377,1
376,378,1
376,379,1
377,378,1
377,379,1
378,379,2
380,381,1
384,385,3
386,387,1
386,388,1
386,389,1
387,388,7
387,389,1
388,389,6
8698,390,2
391,392,1
392,8691,3
8690,396,1
396,397,6
396,398,3
396,399,1
397,398,36
397,399,1
398,399,5
6028,7359,1
6049,6048,1
6076,6075,2
6074,6073,1
6081,6080,1
6083,6082,1
16006,16005,1
6090,6092,1
6090,6091,1
6090,6094,1
6090,6093,1
6092,6091,1
6092,6094,1
6092,6093,1
6091,6094,1
6091,6093,1
6094,6093,1
6096,6095,1
16192,16191,1
16192,16176,1
16191,16176,1
16178,16177,1
16183,16182,1
16183,16181,1
16183,16180,1
16182,16181,1
16182,16180,1
16181,16180,1
16152,16151,1
16165,16164,3
16132,16131,1
400,401,1
400,402,1
400,403,1
400,404,1
401,402,1
401,403,1
401,404,1
402,403,2
402,404,1
403,404,1
404,405,5
405,406,1
405,407,1
406,407,12
407,408,9
408,409,2
410,411,1
410,412,1
410,413,1
410,414,1
410,415,1
411,412,4
411,413,1
411,414,1
411,415,1
412,413,16
412,414,1
412,415,1
413,414,13
413,415,1
414,415,4
8705,8706,1
8721,8722,1
420,421,1
420,422,1
421,422,1
423,424,7
423,425,1
423,426,1
424,425,8
424,426,1
425,426,7
8732,8733,1
430,431,3
432,433,28
432,434,10
432,435,1
433,434,54
433,435,1
434,435,1
435,436,3
435,437,1
436,437,1
8727,8728,1
440,441,3
440,442,1
440,443,1
440,444,1
440,445,1
440,446,1
440,447,1
440,448,1
441,442,3
441,443,1
441,444,1
441,445,1
441,446,1
441,447,1
441,448,1
442,443,1
442,444,1
442,445,1
442,446,1
442,447,1
442,448,1
443,444,1
443,445,1
443,446,1
443,447,1
443,448,1
444,445,2
444,446,1
444,447,1
444,448,1
445,446,1
445,447,1
445,448,1
446,447,3
446,448,1
447,448,2
8736,449,1
7408,7407,1
451,452,3
451,453,1
451,454,1
451,455,1
451,456,1
451,457,1
451,458,1
451,459,1
452,453,2
452,454,1
452,455,1
452,456,1
452,457,1
452,458,1
452,459,1
453,454,1
453,455,1
453,456,1
453,457,1
453,458,1
453,459,1
454,455,1
454,456,1
454,457,1
454,458,1
454,459,1
455,456,1
455,457,1
455,458,1
455,459,1
456,457,1
456,458,1
456,459,1
457,458,4
457,459,1
458,459,1
8761,8762,1
7431,7430,1
461,462,1
461,463,1
461,464,1
461,465,1
461,466,1
461,467,1
461,468,1
461,469,1
462,463,1
462,464,1
462,465,1
462,466,1
462,467,1
462,468,1
462,469,1
463,464,2
463,465,1
463,466,1
463,467,1
463,468,1
463,469,1
464,465,3
464,466,1
464,467,1
464,468,1
464,469,1
465,466,2
465,467,1
465,468,1
465,469,1
466,467,1
466,468,1
466,469,1
467,468,5
467,469,3
468,469,10
470,471,1
472,473,1
472,474,1
472,475,1
473,474,1
473,475,1
474,475,1
475,476,5
477,478,1
477,479,1
478,479,4
479,6106,1
480,481,1
482,483,1
482,484,1
482,485,1
482,486,1
483,484,1
483,485,1
483,486,1
484,485,1
484,486,1
485,486,5
486,487,1
488,489,18
490,491,1
494,495,1
494,496,1
494,497,1
494,498,1
494,499,1
495,496,1
495,497,1
495,498,1
495,499,1
496,497,1
496,498,1
496,499,1
497,498,1
497,499,1
498,499,1
6139,6138,1
6175,6174,1
6177,6176,1
6173,6172,1
6199,6198,1
6193,6192,1
6195,6194,1
16107,16106,1
16299,16298,1
16275,16274,1
16282,16281,1
16256,16255,1
16256,16254,1
16255,16254,1
16262,16261,1
16268,16267,1
500,501,2
502,503,1
504,505,5
505,506,1
507,508,1
507,509,1
508,509,1
510,511,1
510,512,1
510,513,1
510,514,1
511,512,1
511,513,1
511,514,1
512,513,1
512,514,1
513,514,4
514,8802,1
8820,8821,1
521,522,9
523,524,6
524,525,1
7501,7500,2
530,531,1
533,534,23
533,535,5
533,536,1
534,535,7
534,536,1
535,536,10
8842,8843,1
540,541,2
540,542,1
540,543,1
540,544,1
541,542,1
541,543,1
541,544,1
542,543,1
542,544,1
543,544,12
545,546,1
545,547,1
546,547,1
548,7502,3
8836,549,1
550,551,1
550,552,1
550,553,1
550,554,1
550,555,1
550,556,1
550,557,1
550,558,1
551,552,1
551,553,1
551,554,1
551,555,1
551,556,1
551,557,1
551,558,1
552,553,2
552,554,1
552,555,1
552,556,1
552,557,1
552,558,1
553,554,1
553,555,1
553,556,1
553,557,1
553,558,1
554,555,1
554,556,1
554,557,1
554,558,1
555,556,1
555,557,1
555,558,1
556,557,1
556,558,1
557,558,1
8863,560,1
560,561,6
560,562,1
560,563,1
560,564,1
560,565,1
560,566,1
560,567,1
560,568,1
560,569,1
561,562,1
561,563,1
561,564,1
561,565,1
561,566,1
561,567,1
561,568,1
561,569,1
562,563,1
562,564,1
562,565,1
562,566,1
562,567,1
562,568,1
562,569,1
563,564,1
563,565,1
563,566,1
563,567,1
563,568,1
563,569,1
564,565,1
564,566,1
564,567,1
564,568,1
564,569,1
565,566,3
565,567,1
565,568,1
565,569,1
566,567,2
566,568,1
566,569,1
567,568,1
567,569,1
568,569,2
7529,7528,1
570,571,7
571,572,3
572,573,2
572,574,1
572,575,1
573,574,1
573,575,1
574,575,1
576,577,1
576,578,1
576,579,1
577,578,1
577,579,1
578,579,1
7537,8867,1
8882,8883,1
580,581,1
580,582,1
580,583,1
580,584,1
580,585,1
580,586,1
580,587,1
580,588,1
580,589,1
581,582,2
581,583,1
581,584,1
581,585,1
581,586,1
581,587,1
581,588,1
581,589,1
582,583,2
582,584,1
582,585,1
582,586,1
582,587,1
582,588,1
582,589,1
583,584,5
583,585,1
583,586,1
583,587,1
583,588,1
583,589,1
584,585,1
584,586,1
584,587,1
584,588,1
584,589,1
585,586,1
585,587,1
585,588,1
585,589,1
586,587,1
586,588,1
586,589,1
587,588,2
587,589,1
588,589,1
590,591,1
592,593,10
592,594,1
592,595,1
592,596,1
592,597,1
592,598,1
592,599,1
593,594,1
593,595,1
593,596,1
593,597,1
593,598,1
593,599,1
594,595,1
594,596,1
594,597,1
594,598,1
594,599,1
595,596,4
595,597,4
595,598,1
595,599,1
596,597,14
596,598,1
596,599,1
597,598,11
597,599,1
598,599,1
6269,6268,1
6289,6288,1
6296,6295,1
6290,6292,1
6290,6291,1
6292,6291,1
16234,16233,1
16234,16232,1
16233,16232,1
16238,16237,1
16236,16242,1
16246,16245,8
16218,16220,1
16223,16222,1
16223,16221,1
16222,16221,1
16225,16229,1
16206,16205,1
15089,15088,1
601,602,1
603,604,3
603,605,1
603,606,1
604,605,4
604,606,1
605,606,1
607,608,1
607,609,1
608,609,1
8907,8908,1
610,611,70
610,612,2
610,613,1
611,612,3
611,613,1
612,613,1
8903,8904,1
16381,16380,1
620,621,1
620,622,1
620,623,1
620,624,1
621,622,3
621,623,1
621,624,1
622,623,3
622,624,1
623,624,1
630,631,1
630,632,1
630,633,1
630,634,1
630,635,1
631,632,2
631,633,1
631,634,1
631,635,1
632,633,1
632,634,1
632,635,1
633,634,1
633,635,1
634,635,1
636,8924,1
8927,8928,1
7609,640,1
640,641,1
640,642,1
640,643,1
640,644,1
640,645,1
640,646,1
641,642,1
641,643,1
641,644,1
641,645,1
641,646,1
642,643,1
642,644,1
642,645,1
642,646,1
643,644,1
643,645,1
643,646,1
644,645,1
644,646,1
645,646,2
649,7603,2
650,651,2
650,652,1
650,653,1
650,654,1
651,652,3
651,653,1
651,654,1
652,653,4
652,654,1
653,654,1
655,656,3
655,657,1
656,657,1
8946,659,1
7616,7619,1
660,661,1
660,662,1
660,663,1
660,664,1
660,665,1
660,666,1
660,667,1
660,668,1
661,662,3
661,663,1
661,664,1
661,665,1
661,666,1
661,667,1
661,668,1
662,663,1
662,664,1
662,665,1
662,666,1
662,667,1
662,668,1
663,664,1
663,665,1
663,666,1
663,667,1
663,668,1
664,665,2
664,666,1
664,667,1
664,668,1
665,666,1
665,667,1
665,668,1
666,667,1
666,668,1
667,668,1
670,671,1
670,672,1
670,673,1
670,674,1
670,675,1
671,672,1
671,673,1
671,674,1
671,675,1
672,673,2
672,674,1
672,675,1
673,674,2
673,675,1
674,675,1
675,676,1
676,677,3
676,678,1
676,679,1
677,678,1
677,679,1
678,679,10
680,681,2
681,682,2
682,683,61
682,684,24
682,685,1
682,686,1
682,687,1
682,688,1
682,689,1
683,684,74
683,685,1
683,686,1
683,687,1
683,688,1
683,689,1
684,685,2
684,686,1
684,687,1
684,688,1
684,689,1
685,686,1
685,687,1
685,688,1
685,689,1
686,687,1
686,688,1
686,689,1
687,688,1
687,689,1
688,689,1
7646,8978,2
8992,8993,1
690,691,5
690,692,1
690,693,1
691,692,2
691,693,1
692,693,1
695,696,2
695,697,1
695,698,1
695,699,1
696,697,4
696,698,1
696,699,1
697,698,2
697,699,1
698,699,7
7671,7670,1
5013,6343,1
5018,5019,1
5045,6377,1
5038,5039,1
5058,5059,1
6382,5051,1
5074,5075,1
5074,5076,1
5075,5076,1
5070,5071,1
5070,5072,1
5070,5073,1
5071,5072,1
5071,5073,1
5072,5073,3
5085,5086,1
5085,5087,1
5086,5087,1
5088,5089,1
5080,5081,1
5083,5084,1
5097,5098,1
5090,5091,2
5092,5093,1
5092,5094,1
5093,5094,1
16351,16350,1
16361,16360,1
16312,16311,1
16325,16324,1
700,701,3
700,702,1
700,703,1
700,704,1
701,702,1
701,703,1
701,704,1
702,703,7
702,704,1
703,704,5
703,705,1
704,705,1
705,706,1
705,707,1
705,708,1
705,709,1
706,707,1
706,708,1
706,709,1
707,708,1
707,709,1
708,709,1
710,711,6
710,712,1
711,712,2
713,714,7
715,716,1
715,717,1
716,717,1
718,719,1
721,722,1
721,723,1
721,724,1
721,725,1
721,726,1
721,727,1
721,728,1
721,729,1
722,723,1
722,724,1
722,725,1
722,726,1
722,727,1
722,728,1
722,729,1
723,724,1
723,725,1
723,726,1
723,727,1
723,728,1
723,729,1
724,725,2
724,726,1
724,727,1
724,728,1
724,729,1
725,726,1
725,727,1
725,728,1
725,729,1
726,727,1
726,728,1
726,729,1
727,728,2
727,729,1
728,729,1
15160,730,2
15160,731,1
730,731,80
730,732,1
730,733,1
730,734,1
730,735,1
730,736,1
730,737,1
731,732,2
731,733,1
731,734,1
731,735,1
731,736,1
731,737,1
732,733,1
732,734,1
732,735,1
732,736,1
732,737,1
733,734,1
733,735,1
733,736,1
733,737,1
734,735,1
734,736,1
734,737,1
735,736,1
735,737,1
736,737,1
738,739,2
7708,740,1
740,741,1
740,742,1
741,742,27
741,743,11
741,744,5
741,745,1
742,743,26
742,744,8
742,745,1
743,744,34
743,745,1
744,745,1
7707,7706,1
750,751,1
750,752,1
750,753,1
750,754,1
750,755,1
751,752,1
751,753,1
751,754,1
751,755,1
752,753,2
752,754,1
752,755,1
753,754,2
753,755,1
754,755,1
7714,759,1
760,761,2
760,762,1
760,763,1
761,762,2
761,763,1
762,763,2
763,764,1
764,765,1
764,766,1
765,766,2
771,772,4
772,773,4
773,774,5
775,776,1
775,777,1
775,778,1
776,777,1
776,778,1
777,778,1
780,781,2
780,782,1
780,783,1
780,784,1
780,785,1
780,786,1
780,787,1
780,788,1
780,789,1
781,782,1
781,783,1
781,784,1
781,785,1
781,786,1
781,787,1
781,788,1
781,789,1
782,783,1
782,784,1
782,785,1
782,786,1
782,787,1
782,788,1
782,789,1
783,784,2
783,785,1
783,786,1
783,787,1
783,788,1
783,789,1
784,785,1
784,786,1
784,787,1
784,788,1
784,789,1
785,786,1
785,787,1
785,788,1
785,789,1
786,787,1
786,788,1
786,789,1
787,788,1
787,789,1
788,789,1
7761,7760,1
6432,7763,1
790,791,1
792,793,2
792,794,1
792,795,1
792,796,1
792,797,1
792,798,1
792,799,1
793,794,1
793,795,1
793,796,1
793,797,1
793,798,1
793,799,1
794,795,1
794,796,1
794,797,1
794,798,1
794,799,1
795,796,11
795,797,1
795,798,1
795,799,1
796,797,10
796,798,1
796,799,1
797,798,2
797,799,1
798,799,6
7755,6427,1
6429,6428,1
5108,5109,1
5133,6465,1
5127,6457,1
5128,5129,1
5156,6486,1
5176,5177,1
5178,5179,1
5170,5171,1
5170,5172,1
5171,5172,1
5184,5185,1
5186,5187,1
5186,5188,1
5186,5189,1
5187,5188,1
5187,5189,1
5188,5189,1
5180,5181,1
5196,5197,1
5191,5192,1
5193,5194,1
15145,15144,1
15153,15152,1
15159,15158,1
16431,16430,348
16411,16410,1
16429,16428,1
800,801,1
800,802,1
800,803,1
800,804,1
800,805,1
801,802,1
801,803,1
801,804,1
801,805,1
802,803,1
802,804,1
802,805,1
803,804,1
803,805,1
804,805,5
805,806,5
806,807,1
807,808,1
807,809,1
808,809,15
809,810,1
811,812,2
812,813,3
813,814,2
813,815,1
813,816,1
813,817,1
814,815,1
814,816,1
814,817,1
815,816,1
815,817,1
816,817,2
818,819,1
820,821,21
820,822,1
820,823,1
821,822,1
821,823,1
822,823,1
824,825,1
824,826,1
824,827,1
824,828,1
824,829,1
824,830,1
824,831,1
824,832,1
824,833,1
824,834,1
825,826,1
825,827,1
825,828,1
825,829,1
825,830,1
825,831,1
825,832,1
825,833,1
825,834,1
826,827,1
826,828,1
826,829,1
826,830,1
826,831,1
826,832,1
826,833,1
826,834,1
827,828,1
827,829,1
827,830,1
827,831,1
827,832,1
827,833,1
827,834,1
828,829,4
828,830,1
828,831,1
828,832,1
828,833,1
828,834,1
829,830,3
829,831,1
829,832,1
829,833,1
829,834,1
830,831,10
830,832,1
830,833,1
830,834,1
831,832,1
831,833,1
831,834,1
832,833,2
832,834,1
833,834,2
835,836,6
835,837,1
836,837,1
837,838,1
838,839,1
7808,7807,1
840,841,1
840,842,1
841,842,1
843,844,1
845,846,3
850,851,1
850,852,1
850,853,1
851,852,1
851,853,1
852,853,1
855,7811,1
15295,15294,1
861,862,2
863,864,1
863,865,1
863,866,1
864,865,2
864,866,1
865,866,1
7828,7827,1
871,872,2
871,873,1
871,874,1
871,875,1
871,876,1
871,877,1
872,873,1
872,874,1
872,875,1
872,876,1
872,877,1
873,874,1
873,875,1
873,876,1
873,877,1
874,875,1
874,876,1
874,877,1
875,876,1
875,877,1
876,877,2
880,881,1
880,882,1
880,883,1
880,884,1
880,885,1
881,882,1
881,883,1
881,884,1
881,885,1
882,883,1
882,884,1
882,885,1
883,884,1
883,885,1
884,885,1
886,887,1
886,888,1
887,888,1
6519,6518,1
7863,890,1
891,892,1
891,893,1
891,894,1
891,895,1
891,896,1
891,897,1
891,898,1
891,899,1
892,893,1
892,894,1
892,895,1
892,896,1
892,897,1
892,898,1
892,899,1
893,894,1
893,895,1
893,896,1
893,897,1
893,898,1
893,899,1
894,895,1
894,896,1
894,897,1
894,898,1
894,899,1
895,896,1
895,897,1
895,898,1
895,899,1
896,897,3
896,898,1
896,899,1
897,898,3
897,899,3
898,899,4
7871,7870,1
5218,5219,1
7891,7890,1
6572,5243,1
5258,5259,1
5274,5275,1
5274,5276,1
5275,5276,1
5277,5278,1
5270,5271,1
5284,5285,1
5284,5286,1
5285,5286,1
5288,5289,2
5280,5281,1
5280,5282,1
5281,5282,1
5294,5295,1
5294,5296,1
5294,5297,1
5295,5296,3
5295,5297,1
5296,5297,1
5298,5299,1
5292,5293,1
15269,15268,1
15252,15251,2
15259,15258,1
15259,15257,1
15258,15257,11
903,904,1
908,909,2
908,910,1
908,911,1
908,912,1
908,913,1
909,910,5
909,911,1
909,912,1
909,913,1
910,911,5
910,912,1
910,913,1
911,912,1
911,913,1
912,913,1
914,915,11
914,916,1
915,916,2
916,917,2
917,918,1
917,919,1
917,920,1
917,921,1
918,919,1
918,920,1
918,921,1
919,920,1
919,921,1
920,921,1
922,923,1
922,924,1
922,925,1
922,926,1
922,927,1
922,928,1
923,924,1
923,925,1
923,926,1
923,927,1
923,928,1
924,925,4
924,926,1
924,927,1
924,928,1
925,926,1
925,927,1
925,928,1
926,927,2
926,928,1
927,928,1
929,930,2
929,931,1
929,932,1
930,931,2
930,932,1
931,932,1
933,934,1
933,935,1
933,936,1
933,937,1
933,938,1
933,939,1
934,935,1
934,936,1
934,937,1
934,938,1
934,939,1
935,936,2
935,937,1
935,938,1
935,939,1
936,937,12
936,938,1
936,939,1
937,938,1
937,939,1
938,939,2
7907,7906,14
940,941,11
942,943,1
942,944,1
942,945,1
943,944,2
943,945,1
944,945,1
14096,14097,1
14098,14099,43
950,951,1
950,952,1
951,952,1
953,954,4
955,956,3
7913,7916,1
7916,7915,1
7930,7929,7
961,962,3
961,963,1
961,964,1
961,965,1
962,963,1
962,964,1
962,965,1
963,964,1
963,965,1
964,965,1
7922,969,1
7927,7926,1
14074,14075,3
14078,14079,1
970,971,1
970,972,1
970,973,1
970,974,1
970,975,1
970,976,1
971,972,1
971,973,1
971,974,1
971,975,1
971,976,1
972,973,1
972,974,1
972,975,1
972,976,1
973,974,3
973,975,1
973,976,1
974,975,4
974,976,1
975,976,1
979,6602,5
6607,7938,2
14083,14084,1
14081,14082,1
981,982,3
983,984,4
983,985,4
983,986,1
983,987,1
984,985,4
984,986,1
984,987,1
985,986,3
985,987,3
986,987,7
989,6614,2
7961,7960,1
990,991,4
990,992,1
990,993,1
990,994,1
990,995,1
990,996,1
990,997,1
990,998,1
991,992,1
991,993,1
991,994,1
991,995,1
991,996,1
991,997,1
991,998,1
992,993,1
992,994,1
992,995,1
992,996,1
992,997,1
992,998,1
993,994,4
993,995,1
993,996,1
993,997,1
993,998,1
994,995,1
994,996,1
994,997,1
994,998,1
995,996,2
995,997,1
995,998,1
996,997,1
996,998,1
997,998,1
5307,6637,1
5308,5309,1
7981,7980,1
4002,5333,2
5328,5329,1
4017,5348,2
6695,4035,1
4039,4051,1
5384,4054,1
15302,15301,1
15313,15312,1
4073,4074,1
4075,4076,1
4070,4071,1
4070,4072,1
4071,4072,1
4084,4085,2
4084,4086,1
4084,4087,1
4084,4088,1
4084,4089,1
4085,4086,1
4085,4087,1
4085,4088,1
4085,4089,1
4086,4087,1
4086,4088,1
4086,4089,1
4087,4088,1
4087,4089,1
4088,4089,1
4082,4083,4
4095,4096,2
4095,4097,1
4096,4097,1
4090,4091,1
4090,4092,1
4091,4092,1
4093,4094,1
14058,14059,1
14015,15345,1
15345,14018,1
15322,15321,1
15322,15320,1
15321,15320,1
6702,6701,1
6702,6704,1
6702,6703,1
6701,6704,4
6701,6703,1
6704,6703,1
6713,6712,1
6713,6715,1
6713,6714,1
6712,6715,1
6712,6714,1
6715,6714,1
6717,6716,1
14193,14194,1
6724,6723,1
5405,6737,1
6737,5406,1
5418,5419,1
5427,6759,1
4165,5496,1
4172,4173,1
4172,4174,1
4172,4175,1
4172,4176,1
4173,4174,1
4173,4175,1
4173,4176,1
4174,4175,1
4174,4176,1
4175,4176,1
4170,4171,1
15425,15424,4
15428,15427,1
15428,15426,1
15427,15426,2
4184,4185,1
4184,4186,1
4185,4186,1
4180,4181,1
4180,4182,1
4181,4182,1
4194,4195,3
4194,4196,1
4195,4196,1
4197,4198,26
4190,4191,1
4190,4192,1
4190,4193,1
4191,4192,1
4191,4193,1
4192,4193,1
15413,15412,1
15482,15481,1
6803,6802,1
6805,6804,1
6816,6815,1
6830,6829,1
6830,6828,1
6829,6828,1
6821,6820,1
6825,6824,1
6825,6827,1
6825,6826,1
6824,6827,1
6824,6826,1
6827,6826,1
5528,5529,1
4208,5539,1
4209,6881,2
5548,4218,1
5588,4258,1
4272,4273,2
4272,4274,1
4272,4275,1
4272,4276,1
4273,4274,1
4273,4275,1
4273,4276,1
4274,4275,1
4274,4276,1
4275,4276,1
4277,4278,1
4278,4270,1
4283,4284,1
4285,4286,1
4287,4288,1
4287,4289,1
4288,4289,1
4280,4281,1
4294,4295,1
4296,4297,1
4290,4291,1
15526,15525,1
14283,14284,1
14285,14286,1
14258,14259,1
6904,6903,1
6913,6912,1
6922,6921,1
5620,6950,1
5618,5619,1
6965,4305,1
6975,4313,1
5644,6974,1
6979,4317,1
3002,3001,1
3002,3000,1
3001,3000,1
15707,15706,1
15702,15701,1
3012,3011,2
3012,3010,1
3011,3010,1
3021,3020,1
3021,3019,1
3021,3018,1
3020,3019,1
3020,3018,1
3019,3018,1
3017,3016,1
3017,3015,1
3017,3014,1
3016,3015,1
3016,3014,1
3015,3014,1
3034,3033,1
3034,3032,1
3034,3031,1
3034,3030,1
3034,3029,1
3034,3028,1
3034,3027,1
3034,3026,1
3034,3025,1
3033,3032,1
3033,3031,1
3033,3030,1
3033,3029,1
3033,3028,1
3033,3027,1
3033,3026,1
3033,3025,1
3032,3031,1
3032,3030,1
3032,3029,1
3032,3028,1
3032,3027,1
3032,3026,1
3032,3025,1
3031,3030,1
3031,3029,1
3031,3028,1
3031,3027,1
3031,3026,1
3031,3025,1
3030,3029,1
3030,3028,1
3030,3027,1
3030,3026,1
3030,3025,1
3029,3028,1
3029,3027,1
3029,3026,1
3029,3025,1
3028,3027,1
3028,3026,1
3028,3025,1
3027,3026,4
3027,3025,1
3026,3025,1
4371,4372,1
4371,4373,1
4371,4374,1
4371,4375,1
4371,4376,1
4371,4377,1
4372,4373,1
4372,4374,1
4372,4375,1
4372,4376,1
4372,4377,1
4373,4374,1
4373,4375,1
4373,4376,1
4373,4377,1
4374,4375,1
4374,4376,1
4374,4377,1
4375,4376,1
4375,4377,1
4376,4377,1
4377,3046,1
3044,3043,1
3044,3042,1
3043,3042,1
3041,3040,1
3041,3039,1
3041,3038,1
3041,3037,1
3040,3039,1
3040,3038,1
3040,3037,1
3039,3038,1
3039,3037,1
3038,3037,1
4381,4382,1
4386,4387,2
4386,4388,1
4387,4388,1
3057,3056,1
3055,3054,1
3055,3053,1
3054,3053,1
3051,3050,1
3049,3048,1
3049,3047,1
3048,3047,3
4378,4379,1
4392,4393,2
4392,4394,1
4393,4394,1
4395,4396,1
4397,4398,1
4397,4399,1
4398,4399,1
3068,3067,1
3068,3066,1
3068,3065,1
3067,3066,1
3067,3065,1
3066,3065,1
3064,3063,1
3064,3062,1
3063,3062,1
3059,3058,20
4389,3071,1
3071,3070,1
3073,3072,1
3081,3080,1
3089,3088,1
3089,3087,1
3089,3086,1
3089,3085,1
3089,3084,1
3088,3087,1
3088,3086,1
3088,3085,1
3088,3084,1
3087,3086,1
3087,3085,1
3087,3084,1
3086,3085,1
3086,3084,1
3085,3084,9
3084,3083,1
3092,3091,1
3092,3090,1
3091,3090,1
3099,3098,2
3099,3097,1
3099,3096,1
3098,3097,1
3098,3096,1
3097,3096,2
13019,13017,1
15627,15626,1
15608,15607,4
15608,15606,1
15607,15606,1
15619,15618,2
15618,15617,2
15616,15615,1
13097,13098,1
14373,13043,1
13043,14374,1
15680,13022,1
5706,5707,5
5701,5702,1
5701,5703,1
5701,5704,1
5702,5703,1
5702,5704,1
5703,5704,1
5717,5718,1
5717,5719,1
5718,5719,1
5710,5711,2
5710,5712,2
5711,5712,3
5713,5714,1
5713,5715,1
5714,5715,1
5730,5728,1
5730,5729,1
5728,5729,114
5720,5721,1
5720,5722,1
5721,5722,1
5724,5725,1
5724,5726,1
5725,5726,1
3112,3111,1
3110,3109,1
3110,3108,1
3110,3107,1
3109,3108,1
3109,3107,1
3108,3107,3
3104,3103,1
3102,4433,3
5769,4439,1
4451,5782,1
3123,3122,1
3123,3121,1
3123,3120,1
3122,3121,1
3122,3120,1
3121,3120,1
3116,3115,1
3116,3114,1
3116,3113,1
3115,3114,1
3115,3113,1
3114,3113,1
4447,5778,1
3134,3133,5
3132,3131,1
3131,3130,15
3127,3126,1
3125,3124,1
4472,4473,1
4475,4476,1
3145,3144,7
3145,3143,6
3144,3143,14
3141,3140,1
3138,3137,1
4481,4482,1
4485,4486,2
3156,3155,1
3156,3154,1
3156,3153,1
3155,3154,1
3155,3153,1
3154,3153,1
3151,3150,2
15818,15817,1
3147,3146,1
15813,15812,1
4491,4492,1
4493,4494,1
4493,4495,1
4493,4496,1
4493,4497,1
4493,4498,1
4494,4495,1
4494,4496,1
4494,4497,1
4494,4498,1
4495,4496,1
4495,4497,1
4495,4498,1
4496,4497,2
4496,4498,1
4497,4498,1
3166,3165,1
3166,3164,1
3165,3164,1
3161,3160,2
3158,3157,1
3178,3177,1
3178,3176,1
3178,3175,1
3178,3174,1
3178,3173,1
3178,3172,1
3177,3176,1
3177,3175,1
3177,3174,1
3177,3173,1
3177,3172,1
3176,3175,3
3176,3174,1
3176,3173,1
3176,3172,1
3175,3174,1
3175,3173,1
3175,3172,1
3174,3173,1
3174,3172,1
3173,3172,1
3172,3171,1
3169,3168,1
3181,3180,1
3189,3188,1
3189,3187,1
3189,3186,1
3189,3185,1
3189,3184,1
3189,3183,1
3188,3187,1
3188,3186,1
3188,3185,1
3188,3184,1
3188,3183,1
3187,3186,1
3187,3185,1
3187,3184,1
3187,3183,1
3186,3185,4
3186,3184,1
3186,3183,1
3185,3184,3
3185,3183,1
3184,3183,1
3192,3191,1
3192,3190,1
3191,3190,2
3197,3196,1
3197,3195,1
3196,3195,1
3195,3194,1
3194,3193,1
15725,15724,1
15725,15723,1
15724,15723,1
13181,13182,1
13197,13190,1
13169,13167,1
13178,13179,1
5805,5806,2
5805,5807,1
5805,5808,1
5805,5809,1
5806,5807,16
5806,5808,9
5806,5809,1
5807,5808,12
5807,5809,1
5808,5809,1
5801,5802,1
5801,5803,1
5802,5803,1
5816,5817,1
5816,5818,1
5816,5819,1
5816,5810,1
5816,5811,1
5816,5812,1
5816,5813,1
5816,5814,1
5816,5815,1
5817,5818,4
5817,5819,1
5817,5810,1
5817,5811,1
5817,5812,1
5817,5813,1
5817,5814,1
5817,5815,1
5818,5819,2
5818,5810,1
5818,5811,1
5818,5812,1
5818,5813,1
5818,5814,1
5818,5815,1
5819,5810,1
5819,5811,1
5819,5812,1
5819,5813,1
5819,5814,1
5819,5815,1
5810,5811,1
5810,5812,1
5810,5813,1
5810,5814,1
5810,5815,1
5811,5812,1
5811,5813,1
5811,5814,1
5811,5815,1
5812,5813,1
5812,5814,1
5812,5815,1
5813,5814,1
5813,5815,1
5814,5815,1
5827,5828,1
5827,5829,1
5828,5829,1
5823,5824,1
5830,4500,1
3211,3210,1
3208,3207,5
3208,3206,1
3208,3205,1
3208,3204,1
3207,3206,1
3207,3205,1
3207,3204,1
3206,3205,1
3206,3204,1
3205,3204,1
3202,3201,4
3222,3221,1
3222,3220,1
3222,3219,1
3222,3218,1
3221,3220,1
3221,3219,1
3221,3218,1
3220,3219,1
3220,3218,1
3219,3218,1
3217,3216,1
3217,3215,1
3217,3214,1
3217,3213,1
3216,3215,1
3216,3214,1
3216,3213,1
3215,3214,1
3215,3213,1
3214,3213,1
5874,4544,1
5893,4563,1
4563,5894,1
3232,3231,3
3230,3229,1
3230,3228,1
3230,3227,1
3230,3226,1
3230,3225,1
3229,3228,1
3229,3227,1
3229,3226,1
3229,3225,1
3228,3227,1
3228,3226,1
3228,3225,1
3227,3226,1
3227,3225,1
3226,3225,1
4570,4571,1
4570,4572,1
4571,4572,1
4574,4575,1
3244,3243,1
3242,3241,1
14618,14619,1
3237,3236,1
3237,3235,1
3237,3234,1
3236,3235,1
3236,3234,1
3235,3234,1
4581,4582,1
4585,4586,1
3254,3253,1
3254,3252,1
3254,3251,1
3254,3250,1
3253,3252,1
3253,3251,1
3253,3250,1
3252,3251,1
3252,3250,1
3251,3250,1
3247,3246,1
3247,3245,1
3246,3245,1
4590,4591,1
4590,4592,1
4590,4593,1
4590,4594,1
4590,4595,1
4590,4596,1
4591,4592,1
4591,4593,1
4591,4594,1
4591,4595,1
4591,4596,1
4592,4593,1
4592,4594,1
4592,4595,1
4592,4596,1
4593,4594,1
4593,4595,1
4593,4596,1
4594,4595,2
4594,4596,1
4595,4596,1
3265,3264,1
3265,3263,1
3265,3262,1
3264,3263,1
3264,3262,1
3263,3262,1
3261,3260,1
3259,3258,1
3259,3257,1
3259,3256,1
3258,3257,2
3258,3256,2
3257,3256,2
3277,3276,1
3276,3275,1
3275,3274,1
3272,3271,1
3271,3270,3
3269,3268,20
3288,3287,1
3288,3286,1
3288,3285,1
3287,3286,1
3287,3285,1
3286,3285,1
3283,3282,1
3291,3290,1
3299,3298,1
3299,3297,1
3298,3297,1
3296,3295,1
3296,3294,1
3296,3293,1
3296,3292,1
3295,3294,1
3295,3293,1
3295,3292,1
3294,3293,3
3294,3292,1
3293,3292,1
15917,15916,1
15912,15911,1
14549,15879,1
13286,13287,1
13289,13293,1
13297,13298,1
5906,5907,1
5906,5908,1
5906,5909,1
5907,5908,3
5907,5909,1
5908,5909,1
5900,5901,1
5902,5903,1
5915,5916,2
5917,5918,1
5917,5919,1
5918,5919,2
5912,5913,1
5912,5914,1
5913,5914,1
13271,13272,1
5926,5927,1
4606,5937,1
4606,4607,1
5937,4607,1
4601,5932,1
4618,5949,1
4622,5953,1
4623,5954,1
4627,5958,1
5970,4640,3
3306,3305,7
3306,3304,6
3306,3303,6
3305,3304,6
3305,3303,6
3304,3303,6
3302,3301,5
3302,3300,1
3301,3300,1
4631,5962,1
5983,3321,1
3321,3320,40
3321,3318,16
3321,3317,1
3321,3316,1
3320,3318,38
3320,3317,1
3320,3316,1
3318,3317,1
3318,3316,1
3317,3316,9
3316,3315,2
3314,3313,1
3313,3312,3
3313,3311,1
3312,3311,4
2001,3332,1
2000,3331,2
3331,3330,2
3329,3328,1
3329,3327,1
3329,3326,1
3329,3325,1
3328,3327,1
3328,3326,1
3328,3325,1
3327,3326,1
3327,3325,1
3326,3325,1
3324,3323,1
3323,3322,1
4670,4671,1
4670,4672,1
4670,4673,1
4670,4674,1
4671,4672,1
4671,4673,1
4671,4674,1
4672,4673,1
4672,4674,1
4673,4674,1
2011,3342,1
3341,3340,1
2009,2008,2
3338,2006,1
4669,4680,1
4669,4681,1
4680,4681,1
4682,4683,1
4682,4684,1
4683,4684,1
4684,4685,1
3351,3350,1
2019,2018,1
2018,3349,1
4675,4676,1
4675,4677,1
4675,4678,1
4675,4679,1
4676,4677,1
4676,4678,1
4676,4679,1
4677,4678,1
4677,4679,1
4678,4679,1
4691,4692,1
4691,4693,1
4692,4693,1
4688,4689,2
3371,3370,1
2052,3383,1
3383,2051,1
2049,2048,5
2059,2058,3
2070,2078,1
2070,2077,1
2070,2076,1
2070,2075,1
2070,2074,1
2070,2073,1
2070,2072,1
2070,2071,1
2070,2069,1
2078,2077,1
2078,2076,1
2078,2075,1
2078,2074,1
2078,2073,1
2078,2072,1
2078,2071,1
2078,2069,1
2077,2076,1
2077,2075,1
2077,2074,1
2077,2073,1
2077,2072,1
2077,2071,1
2077,2069,1
2076,2075,1
2076,2074,1
2076,2073,1
2076,2072,1
2076,2071,1
2076,2069,1
2075,2074,2
2075,2073,1
2075,2072,1
2075,2071,1
2075,2069,1
2074,2073,1
2074,2072,1
2074,2071,1
2074,2069,1
2073,2072,1
2073,2071,1
2073,2069,1
2072,2071,2
2072,2069,1
2071,2069,1
2081,2080,1
2088,2087,1
2088,2086,1
2087,2086,1
2084,2083,2
2084,2082,1
2083,2082,1
2092,2091,2
2092,2090,1
2091,2090,2
2099,2098,1
2099,2097,1
2098,2097,1
2096,2095,1
2096,2094,1
2096,2093,1
2095,2094,1
2095,2093,1
2094,2093,1
14658,13328,1
14656,15988,1
12001,13335,1
12073,12072,1
12088,12087,1
13381,13382,1
4707,4708,1
4701,4702,1
12062,13390,1
4716,4717,1
4718,4719,1
4714,4715,1
4727,4728,1
4727,4729,1
4728,4729,1
4722,4723,1
4724,4725,1
4724,4726,1
4725,4726,2
3403,3402,1
3401,3400,1
4730,4731,4
4730,4732,1
4730,4733,1
4730,4734,1
4731,4732,1
4731,4733,1
4731,4734,1
4732,4733,1
4732,4734,1
4733,4734,20
4750,4751,1
3416,3415,1
3416,3414,1
3415,3414,1
3412,3411,4
3411,3410,2
4742,4743,1
4742,4744,1
4743,4744,1
4745,4746,1
4760,4761,1
4760,4762,1
4761,4762,1
3431,3430,1
3431,3428,1
3431,3427,1
3431,3426,1
3431,3425,1
3431,3424,1
3431,3423,1
3430,3428,2
3430,3427,1
3430,3426,1
3430,3425,1
3430,3424,1
3430,3423,1
3428,3427,1
3428,3426,1
3428,3425,1
3428,3424,1
3428,3423,1
3427,3426,1
3427,3425,1
3427,3424,1
3427,3423,1
3426,3425,1
3426,3424,1
3426,3423,1
3425,3424,1
3425,3423,1
3424,3423,12
3422,3421,1
4752,4753,3
4755,4756,1
4755,4757,1
4755,4758,1
4756,4757,1
4756,4758,1
4757,4758,1
4770,4771,3
2110,3441,2
3441,3440,1
2103,3434,2
4763,4764,1
4766,4767,1
4780,4781,1
4780,4782,1
4780,4783,1
4781,4782,1
4781,4783,1
4782,4783,1
2122,3453,1
3453,2121,1
3451,3450,1
2119,2118,3
2118,3449,1
3445,2113,1
4775,4776,1
4775,4777,1
4776,4777,1
4793,4794,1
2131,3462,1
3462,2130,1
3461,3460,3
2129,2128,1
2127,3458,1
4786,4787,1
4788,4789,1
2144,3475,1
3471,3470,2
2139,2138,1
3467,2135,1
4796,4797,1
4796,4798,1
4797,4798,2
3481,3480,5
3476,13521,1
2159,2158,1
2176,2175,1
2176,2174,1
2175,2174,1
2174,2173,1
2172,2171,1
2169,2168,13
2188,2187,2
2188,2186,1
2188,2185,1
2188,2184,1
2187,2186,1
2187,2185,1
2187,2184,1
2186,2185,1
2186,2184,1
2185,2184,1
2183,2182,1
2183,2181,1
2182,2181,1
2179,2178,1
2191,2190,1
2199,2198,1
2197,2196,1
2197,2195,1
2196,2195,1
14810,14811,1
14828,14825,2
14825,14826,1
13480,13481,1
13491,13492,1
12161,12160,3
12198,12197,1
4804,4805,1
4804,4806,1
4804,4807,1
4805,4806,1
4805,4807,1
4806,4807,1
4808,4809,1
4802,4803,1
4816,4817,1
4810,4811,1
4810,4812,1
4811,4812,1
4813,4814,1
4826,4827,1
4822,4823,1
4822,4824,1
4822,4825,1
4823,4824,19
4823,4825,8
4824,4825,18
4839,3502,1
3502,3501,6
3501,3500,1
4831,4832,1
3513,3512,1
3513,3511,1
3513,3510,1
3512,3511,7
3512,3510,1
3511,3510,1
3510,4840,3
4840,4841,1
4842,4843,1
3530,3527,1
4851,4852,1
4870,4871,1
4870,4872,1
4871,4872,1
3541,3540,14
3540,2207,1
2204,3535,1
2202,3533,1
4863,4864,6
2208,3539,1
4881,4882,1
4882,4883,1
3552,2220,1
3551,3550,1
4874,4875,1
4874,4876,1
4875,4876,1
4877,4878,1
4877,4879,1
4878,4879,1
4893,4894,1
3561,3560,1
2229,2228,1
4887,4888,1
3572,2240,1
3571,3570,1
3570,2239,1
2239,2238,4
2238,3569,2
3569,2237,1
2233,3564,1
4895,4896,1
4897,4898,1
4899,2254,4
2249,2248,1
3577,2245,1
3591,3590,1
3590,2259,1
2259,2258,1
2275,2274,1
2273,2272,1
2273,2271,1
2272,2271,2
2269,2268,1
3598,2266,1
2286,2285,1
2284,2283,5
2284,2282,1
2284,2281,1
2284,2280,1
2283,2282,1
2283,2281,1
2283,2280,1
2282,2281,1
2282,2280,1
2281,2280,1
2279,2278,1
2298,2297,1
2296,2295,1
2296,2294,1
2296,2293,1
2295,2294,1
2295,2293,1
2294,2293,1
2292,2291,2
2289,2288,1
13622,14953,1
13602,14933,4
14933,13603,1
14928,14929,6
12219,12218,1
4903,4904,1
4906,4907,1
4909,4900,1
4901,4902,1
4917,4918,1
4913,4925,1
4926,4927,1
4926,4928,1
4927,4928,1
4929,4920,2
4921,4922,2
12291,12290,1
3612,3611,1
3623,3622,1
3623,3621,1
3623,3620,1
3622,3621,1
3622,3620,1
3621,3620,1
4951,4952,3
4951,4953,1
4952,4953,1